股票代码,股票名称,日期,开盘,收盘,最高,最低,成交量,成交额,振幅,涨跌幅,涨跌额,换手率
002124,天邦食品,2024-01-02,3.63,3.67,3.71,3.6,325204,119465621.53,3.03,1.1,0.04,2.08
002124,天邦食品,2024-01-03,3.66,3.62,3.71,3.59,298057,108152391.2,3.27,-1.36,-0.05,1.91
002124,天邦食品,2024-01-04,3.61,3.56,3.61,3.53,225665,80475028.0,2.21,-1.66,-0.06,1.45
002124,天邦食品,2024-01-05,3.56,3.46,3.56,3.44,270693,94552472.8,3.37,-2.81,-0.1,1.73
002124,天邦食品,2024-01-08,3.45,3.35,3.47,3.35,280368,95145234.4,3.47,-3.18,-0.11,1.8
002124,天邦食品,2024-01-09,3.34,3.37,3.39,3.33,184721,62073989.92,1.79,0.6,0.02,1.18
002124,天邦食品,2024-01-10,3.35,3.34,3.38,3.3,187600,62565560.67,2.37,-0.89,-0.03,1.2
002124,天邦食品,2024-01-11,3.33,3.48,3.52,3.33,464133,160473156.69,5.69,4.19,0.14,2.97
002124,天邦食品,2024-01-12,3.47,3.5,3.61,3.46,357865,126476698.7,4.31,0.57,0.02,2.29
002124,天邦食品,2024-01-15,3.5,3.42,3.51,3.42,241464,83410274.38,2.57,-2.29,-0.08,1.55
002124,天邦食品,2024-01-16,3.42,3.44,3.48,3.38,221990,76085563.89,2.92,0.58,0.02,1.42
002124,天邦食品,2024-01-17,3.43,3.36,3.45,3.35,192085,65186433.0,2.91,-2.33,-0.08,1.23
002124,天邦食品,2024-01-18,3.33,3.32,3.34,3.22,331620,108441106.2,3.57,-1.19,-0.04,2.12
002124,天邦食品,2024-01-19,3.31,3.31,3.36,3.27,198623,65979339.0,2.71,-0.3,-0.01,1.27
002124,天邦食品,2024-01-22,3.31,3.13,3.33,3.1,298501,95859557.97,6.95,-5.44,-0.18,1.91
002124,天邦食品,2024-01-23,3.13,3.16,3.2,3.08,216661,68284511.99,3.83,0.96,0.03,1.39
002124,天邦食品,2024-01-24,3.17,3.2,3.2,3.06,251059,78745017.56,4.43,1.27,0.04,1.61
002124,天邦食品,2024-01-25,3.19,3.26,3.26,3.16,247253,79539511.96,3.13,1.88,0.06,1.58
002124,天邦食品,2024-01-26,3.25,3.27,3.3,3.21,262905,85910307.93,2.76,0.31,0.01,1.68
002124,天邦食品,2024-01-29,3.29,3.18,3.31,3.17,227189,73697489.4,4.28,-2.75,-0.09,1.45
002124,天邦食品,2024-01-30,3.15,3.12,3.26,3.12,202504,64610754.8,4.4,-1.89,-0.06,1.3
002124,天邦食品,2024-01-31,3.05,2.98,3.14,2.97,334965,101996372.8,5.45,-4.49,-0.14,2.14
002124,天邦食品,2024-02-01,2.96,2.97,3.03,2.92,274764,81863081.36,3.69,-0.34,-0.01,1.76
002124,天邦食品,2024-02-02,2.97,2.83,3.03,2.73,471488,135766738.52,10.1,-4.71,-0.14,3.02
002124,天邦食品,2024-02-05,2.82,2.58,2.83,2.55,580492,153195868.36,9.89,-8.83,-0.25,3.72
002124,天邦食品,2024-02-06,2.54,2.73,2.75,2.48,461348,120527223.26,10.47,5.81,0.15,2.95
002124,天邦食品,2024-02-07,2.73,2.75,2.79,2.68,417295,114735221.85,4.03,0.73,0.02,2.67
002124,天邦食品,2024-02-08,2.75,2.91,2.93,2.73,491593,140124400.23,7.27,5.82,0.16,3.15
002124,天邦食品,2024-02-19,2.93,2.83,2.94,2.8,480373,136951252.4,4.81,-2.75,-0.08,3.08
002124,天邦食品,2024-02-20,2.81,2.85,2.85,2.76,264547,74446524.28,3.18,0.71,0.02,1.69
002124,天邦食品,2024-02-21,2.83,2.87,2.94,2.81,378116,109192376.29,4.56,0.7,0.02,2.42
002124,天邦食品,2024-02-22,2.86,2.89,2.91,2.85,253459,72934310.35,2.09,0.7,0.02,1.62
002124,天邦食品,2024-02-23,2.89,2.91,2.92,2.86,269561,77973205.4,2.08,0.69,0.02,1.73
002124,天邦食品,2024-02-26,2.96,3.07,3.17,2.94,650554,198452534.6,7.9,5.5,0.16,4.17
002124,天邦食品,2024-02-27,3.09,3.19,3.28,3.05,601207,191464123.33,7.49,3.91,0.12,3.85
002124,天邦食品,2024-02-28,3.17,3.0,3.26,3.0,617353,194273238.69,8.15,-5.96,-0.19,3.95
002124,天邦食品,2024-02-29,2.99,3.05,3.07,2.97,366337,111037942.72,3.33,1.67,0.05,2.35
002124,天邦食品,2024-03-01,3.06,3.03,3.07,2.99,301752,91096065.16,2.62,-0.66,-0.02,1.93
002124,天邦食品,2024-03-04,3.06,3.05,3.11,3.0,345638,105243840.64,3.63,0.66,0.02,2.21
002124,天邦食品,2024-03-05,3.05,3.02,3.1,3.01,323818,98730387.84,2.95,-0.98,-0.03,2.07
002124,天邦食品,2024-03-06,3.02,2.98,3.03,2.93,311699,92664324.4,3.31,-1.32,-0.04,2.0
002124,天邦食品,2024-03-07,3.0,3.0,3.1,2.99,441147,133954806.68,3.69,0.67,0.02,2.82
002124,天邦食品,2024-03-08,2.99,2.95,3.01,2.92,292272,86340205.29,3.0,-1.67,-0.05,1.87
002124,天邦食品,2024-03-11,2.95,2.98,2.99,2.93,330925,97989868.54,2.03,1.02,0.03,2.12
002124,天邦食品,2024-03-12,2.98,3.07,3.07,2.97,435918,132016199.65,3.36,3.02,0.09,2.79
002124,天邦食品,2024-03-13,3.07,3.02,3.08,3.0,313914,94978054.12,2.61,-1.63,-0.05,2.01
002124,天邦食品,2024-03-14,3.01,2.98,3.03,2.96,269392,80828768.04,2.32,-1.32,-0.04,1.73
002124,天邦食品,2024-03-15,2.98,3.02,3.02,2.97,252297,75650933.2,1.68,1.34,0.04,1.62
002124,天邦食品,2024-03-18,3.04,3.1,3.11,3.0,443937,135670267.48,3.64,2.65,0.08,2.84
002124,天邦食品,2024-03-19,2.92,2.87,3.05,2.87,1675244,494324585.22,5.81,-7.42,-0.23,10.73
002124,天邦食品,2024-03-20,2.81,2.97,3.13,2.71,1820396,533984813.75,14.63,3.48,0.1,11.66
002124,天邦食品,2024-03-21,2.99,3.27,3.27,2.99,824399,263707188.11,9.43,10.1,0.3,5.28
002124,天邦食品,2024-03-22,3.6,3.46,3.6,3.32,3559593,1258435484.14,8.56,5.81,0.19,22.79
002124,天邦食品,2024-03-25,3.44,3.52,3.66,3.35,2529462,876777667.6,8.96,1.73,0.06,16.2
002124,天邦食品,2024-03-26,3.42,3.32,3.59,3.3,1748177,599472174.63,8.24,-5.68,-0.2,11.19
002124,天邦食品,2024-03-27,3.27,3.04,3.3,3.04,1379893,434051651.93,7.83,-8.43,-0.28,8.84
002124,天邦食品,2024-03-28,3.02,3.04,3.09,2.96,1051273,317985553.8,4.28,0.0,0.0,6.73
002124,天邦食品,2024-03-29,3.04,3.08,3.13,2.88,1244677,373627700.65,8.22,1.32,0.04,7.97
002124,天邦食品,2024-04-01,3.06,3.3,3.39,3.01,1749745,570941339.47,12.34,7.14,0.22,11.2
002124,天邦食品,2024-04-02,3.3,3.19,3.33,3.17,1054920,338747381.09,4.85,-3.33,-0.11,6.76
002124,天邦食品,2024-04-03,3.21,3.48,3.51,3.21,2565013,886582958.88,9.4,9.09,0.29,16.43
002124,天邦食品,2024-04-08,3.43,3.34,3.49,3.32,1701515,576072573.13,4.89,-4.02,-0.14,10.9
002124,天邦食品,2024-04-09,3.35,3.37,3.4,3.27,925087,309225970.55,3.89,0.9,0.03,5.92
002124,天邦食品,2024-04-10,3.36,3.27,3.38,3.25,798688,263401601.23,3.86,-2.97,-0.1,5.11
002124,天邦食品,2024-04-11,3.24,3.18,3.26,3.18,636097,204442744.33,2.45,-2.75,-0.09,4.07
002124,天邦食品,2024-04-12,3.21,3.07,3.24,3.06,746846,234069656.08,5.66,-3.46,-0.11,4.78
002124,天邦食品,2024-04-15,2.99,2.87,3.04,2.81,984140,286502688.73,7.49,-6.51,-0.2,6.3
002124,天邦食品,2024-04-16,2.86,2.59,2.87,2.58,875843,234284068.27,10.1,-9.76,-0.28,5.61
002124,天邦食品,2024-04-17,2.59,2.68,2.74,2.59,629060,168994372.83,5.79,3.47,0.09,4.03
002124,天邦食品,2024-04-18,2.66,2.68,2.71,2.61,493131,131648466.9,3.73,0.0,0.0,3.16
002124,天邦食品,2024-04-19,2.66,2.62,2.67,2.6,357373,93825481.58,2.61,-2.24,-0.06,2.29
002124,天邦食品,2024-04-22,2.61,2.7,2.73,2.6,520324,139582308.2,4.96,3.05,0.08,3.33
002124,天邦食品,2024-04-23,2.68,2.65,2.72,2.64,342184,91230374.2,2.96,-1.85,-0.05,2.19
002124,天邦食品,2024-04-24,2.64,2.64,2.66,2.61,274063,72040927.2,1.89,-0.38,-0.01,1.76
002124,天邦食品,2024-04-25,2.64,2.62,2.65,2.6,312543,81775543.2,1.89,-0.76,-0.02,2.0
002124,天邦食品,2024-04-26,2.6,2.63,2.63,2.54,470026,121919612.61,3.44,0.38,0.01,3.01
002124,天邦食品,2024-04-29,2.61,2.71,2.71,2.6,636488,170325846.26,4.18,3.04,0.08,4.08
002124,天邦食品,2024-05-06,2.57,2.57,2.57,2.57,38313,9846441.0,0.0,-5.17,-0.14,0.25
002124,天邦食品,2024-05-07,2.44,2.44,2.44,2.44,53497,13053268.0,0.0,-5.06,-0.13,0.34
002124,天邦食品,2024-05-08,2.32,2.35,2.43,2.32,1526718,357235848.03,4.51,-3.69,-0.09,9.78
002124,天邦食品,2024-05-09,2.27,2.23,2.28,2.23,726885,163006035.0,2.13,-5.11,-0.12,4.65
002124,天邦食品,2024-05-10,2.12,2.12,2.18,2.12,586208,124933089.6,2.69,-4.93,-0.11,3.75
002124,天邦食品,2024-05-13,2.08,2.14,2.21,2.01,926039,194358875.9,9.43,0.94,0.02,5.93
002124,天邦食品,2024-05-14,2.14,2.25,2.25,2.14,529190,117332776.38,5.14,5.14,0.11,3.39
002124,天邦食品,2024-05-15,2.3,2.27,2.35,2.25,769776,177123919.15,4.44,0.89,0.02,4.93
002124,天邦食品,2024-05-16,2.26,2.33,2.38,2.25,752701,175687045.7,5.73,2.64,0.06,4.82
002124,天邦食品,2024-05-17,2.31,2.32,2.37,2.28,702642,162774602.64,3.86,-0.43,-0.01,4.5
002124,天邦食品,2024-05-20,2.35,2.41,2.44,2.32,900052,216109626.93,5.17,3.88,0.09,5.76
002124,天邦食品,2024-05-21,2.38,2.35,2.39,2.29,754709,176325561.31,4.15,-2.49,-0.06,4.83
002124,天邦食品,2024-05-22,2.35,2.38,2.41,2.35,568925,135335673.67,2.55,1.28,0.03,3.64
002124,天邦食品,2024-05-23,2.38,2.28,2.38,2.27,563439,130788119.54,4.62,-4.2,-0.1,3.61
002124,天邦食品,2024-05-24,2.28,2.33,2.35,2.28,433310,100222203.86,3.07,2.19,0.05,2.77
002124,天邦食品,2024-05-27,2.33,2.23,2.33,2.22,477011,108049644.52,4.72,-4.29,-0.1,3.05
002124,天邦食品,2024-05-28,2.27,2.3,2.34,2.21,593904,135293999.25,5.83,3.14,0.07,3.8
002124,天邦食品,2024-05-29,2.28,2.32,2.38,2.26,545151,127198825.92,5.22,0.87,0.02,3.49
002124,天邦食品,2024-05-30,2.33,2.42,2.43,2.32,732850,175365383.14,4.74,4.31,0.1,4.69
002124,天邦食品,2024-05-31,2.4,2.52,2.53,2.38,687237,169097982.9,6.2,4.13,0.1,4.4
002124,天邦食品,2024-06-03,2.5,2.54,2.63,2.48,930440,237443949.36,5.95,0.79,0.02,5.96
002124,天邦食品,2024-06-04,2.53,2.6,2.63,2.46,664761,169313249.75,6.69,2.36,0.06,4.26
002124,天邦食品,2024-06-05,2.57,2.48,2.63,2.47,572198,146126352.66,6.15,-4.62,-0.12,3.66
002124,天邦食品,2024-06-06,2.51,2.37,2.54,2.36,818638,198601464.06,7.26,-4.44,-0.11,5.24
002124,天邦食品,2024-06-07,2.42,2.44,2.46,2.3,595975,143385930.8,6.75,2.95,0.07,3.82
002124,天邦食品,2024-06-11,2.45,2.56,2.56,2.43,723124,181873763.7,5.33,4.92,0.12,4.63
002124,天邦食品,2024-06-12,2.61,2.65,2.68,2.56,873998,228821400.69,4.69,3.52,0.09,5.6
002124,天邦食品,2024-06-13,2.61,2.54,2.66,2.53,654515,169291779.6,4.91,-4.15,-0.11,4.19
002124,天邦食品,2024-06-14,2.52,2.59,2.6,2.51,539578,137911166.38,3.54,1.97,0.05,3.46
002124,天邦食品,2024-06-17,2.58,2.61,2.63,2.54,398601,103255266.48,3.47,0.77,0.02,2.55
002124,天邦食品,2024-06-18,2.61,2.48,2.65,2.48,819470,207518396.83,6.51,-4.98,-0.13,5.25
002124,天邦食品,2024-06-19,2.47,2.45,2.49,2.42,452699,111268824.75,2.82,-1.21,-0.03,2.9
002124,天邦食品,2024-06-20,2.43,2.33,2.46,2.33,539902,128894803.7,5.31,-4.9,-0.12,3.46
002124,天邦食品,2024-06-21,2.3,2.37,2.39,2.26,429984,99874187.16,5.58,1.72,0.04,2.75
002124,天邦食品,2024-06-24,2.32,2.25,2.32,2.25,269710,61217687.2,2.95,-5.06,-0.12,1.73
002124,天邦食品,2024-06-25,2.14,2.14,2.2,2.14,534116,114838916.5,2.67,-4.89,-0.11,3.42
002124,天邦食品,2024-06-26,2.06,2.09,2.17,2.03,765428,157765467.2,6.54,-2.34,-0.05,4.9
002124,天邦食品,2024-06-27,2.13,2.15,2.18,2.1,489976,105188040.51,3.83,2.87,0.06,3.14
002124,天邦食品,2024-06-28,2.11,2.09,2.16,2.05,537683,112985334.94,5.12,-2.79,-0.06,3.44
002124,天邦食品,2024-07-01,2.05,2.11,2.11,1.99,711551,144910387.24,5.74,0.96,0.02,4.47
002124,天邦食品,2024-07-02,2.08,2.09,2.14,2.05,370927,77745469.42,4.27,-0.95,-0.02,2.33
002124,天邦食品,2024-07-03,2.09,2.13,2.16,2.07,431866,91252354.49,4.31,1.91,0.04,2.71
002124,天邦食品,2024-07-04,2.11,2.02,2.13,2.02,470841,96906166.6,5.16,-5.16,-0.11,2.96
002124,天邦食品,2024-07-05,2.04,2.06,2.07,2.0,327893,67130791.2,3.47,1.98,0.04,2.06
002124,天邦食品,2024-07-08,2.04,1.96,2.05,1.96,420559,83448385.91,4.37,-4.85,-0.1,2.64
002124,天邦食品,2024-07-09,2.0,2.01,2.03,1.96,408202,81680101.8,3.57,2.55,0.05,2.56
002124,天邦食品,2024-07-10,1.99,2.11,2.11,1.98,665385,138624303.1,6.47,4.98,0.1,4.18
002124,天邦食品,2024-07-11,2.1,2.11,2.14,2.08,545691,115336223.67,2.84,0.0,0.0,3.43
002124,天邦食品,2024-07-12,2.11,2.05,2.14,2.03,923279,190947979.23,5.21,-2.84,-0.06,4.68
002124,天邦食品,2024-07-15,2.06,2.15,2.15,2.06,698916,148029842.74,4.39,4.88,0.1,3.54
002124,天邦食品,2024-07-16,2.17,2.26,2.26,2.16,910009,202773645.13,4.65,5.12,0.11,4.61
002124,天邦食品,2024-07-17,2.27,2.24,2.33,2.23,811436,185331931.76,4.42,-0.88,-0.02,4.11
002124,天邦食品,2024-07-18,2.24,2.35,2.35,2.21,699079,159212148.08,6.25,4.91,0.11,3.54
002124,天邦食品,2024-07-19,2.35,2.41,2.47,2.31,757124,181740757.49,6.81,2.55,0.06,3.83
002124,天邦食品,2024-07-22,2.4,2.41,2.46,2.36,527723,127336045.6,4.15,0.0,0.0,2.67
002124,天邦食品,2024-07-23,2.42,2.29,2.43,2.29,794418,185455628.0,5.81,-4.98,-0.12,4.02
002124,天邦食品,2024-07-24,2.26,2.23,2.3,2.2,588560,132758496.04,4.37,-2.62,-0.06,2.98
002124,天邦食品,2024-07-25,2.21,2.32,2.34,2.21,548274,125546170.67,5.83,4.04,0.09,2.78
002124,天邦食品,2024-07-26,2.3,2.28,2.35,2.27,466511,107264940.8,3.45,-1.72,-0.04,2.36
002124,天邦食品,2024-07-29,2.3,2.29,2.32,2.26,333331,76329463.81,2.63,0.44,0.01,1.69
002124,天邦食品,2024-07-30,2.28,2.35,2.38,2.27,435020,101593617.4,4.8,2.62,0.06,2.2
002124,天邦食品,2024-07-31,2.34,2.38,2.39,2.33,396574,93952628.0,2.55,1.28,0.03,2.01
002124,天邦食品,2024-08-01,2.37,2.41,2.43,2.37,333256,80139597.4,2.52,1.26,0.03,1.69
002124,天邦食品,2024-08-02,2.4,2.42,2.47,2.39,496300,120416372.8,3.32,0.41,0.01,2.51
002124,天邦食品,2024-08-05,2.41,2.37,2.47,2.34,629953,151344074.86,5.37,-2.07,-0.05,3.19
002124,天邦食品,2024-08-06,2.4,2.42,2.44,2.38,433736,104513169.4,2.53,2.11,0.05,2.2
002124,天邦食品,2024-08-07,2.41,2.39,2.42,2.37,324983,77905606.2,2.07,-1.24,-0.03,1.65
002124,天邦食品,2024-08-08,2.39,2.51,2.51,2.38,630611,155013514.65,5.44,5.02,0.12,3.19
002124,天邦食品,2024-08-09,2.53,2.51,2.56,2.47,599267,150528197.79,3.59,0.0,0.0,3.04
002124,天邦食品,2024-08-12,2.55,2.53,2.64,2.51,887097,230003299.64,5.18,0.8,0.02,4.49
002124,天邦食品,2024-08-13,2.51,2.55,2.62,2.5,561532,143470094.88,4.74,0.79,0.02,2.84
002124,天邦食品,2024-08-14,2.53,2.47,2.54,2.45,450565,112088553.6,3.53,-3.14,-0.08,2.28
002124,天邦食品,2024-08-15,2.46,2.49,2.53,2.46,365657,91001432.76,2.83,0.81,0.02,1.85
002124,天邦食品,2024-08-16,2.48,2.39,2.48,2.37,566716,136985723.36,4.42,-4.02,-0.1,2.87
002124,天邦食品,2024-08-19,2.37,2.37,2.39,2.35,316566,75057418.0,1.67,-0.84,-0.02,1.6
002124,天邦食品,2024-08-20,2.37,2.3,2.38,2.27,406450,94035307.03,4.64,-2.95,-0.07,2.06
002124,天邦食品,2024-08-21,2.29,2.32,2.32,2.25,341069,78203771.47,3.04,0.87,0.02,1.73
002124,天邦食品,2024-08-22,2.31,2.3,2.34,2.29,229778,53062612.9,2.16,-0.86,-0.02,1.16
002124,天邦食品,2024-08-23,2.29,2.35,2.37,2.26,399119,92326905.56,4.78,2.17,0.05,2.02
002124,天邦食品,2024-08-26,2.33,2.34,2.38,2.32,244259,57429635.75,2.55,-0.43,-0.01,1.24
002124,天邦食品,2024-08-27,2.34,2.28,2.34,2.26,322872,74203107.8,3.42,-2.56,-0.06,1.64
002124,天邦食品,2024-08-28,2.3,2.39,2.39,2.27,446862,104286384.75,5.26,4.82,0.11,2.26
002124,天邦食品,2024-08-29,2.37,2.39,2.41,2.32,339483,80420927.35,3.77,0.0,0.0,1.72
002124,天邦食品,2024-08-30,2.37,2.39,2.45,2.36,386080,92901622.2,3.77,0.0,0.0,1.96
002124,天邦食品,2024-09-02,2.38,2.39,2.44,2.36,279293,67089744.95,3.35,0.0,0.0,1.41
002124,天邦食品,2024-09-03,2.4,2.44,2.48,2.39,406541,99121546.18,3.77,2.09,0.05,2.06
002124,天邦食品,2024-09-04,2.42,2.32,2.42,2.32,450770,106443925.77,4.1,-4.92,-0.12,2.28
002124,天邦食品,2024-09-05,2.32,2.35,2.36,2.31,226319,52924858.54,2.16,1.29,0.03,1.15
002124,天邦食品,2024-09-06,2.34,2.28,2.35,2.28,280685,64696689.6,2.98,-2.98,-0.07,1.42
002124,天邦食品,2024-09-09,2.26,2.26,2.29,2.21,235851,53019553.2,3.51,-0.88,-0.02,1.19
002124,天邦食品,2024-09-10,2.26,2.26,2.29,2.23,177120,39973426.0,2.65,0.0,0.0,0.9
002124,天邦食品,2024-09-11,2.24,2.22,2.25,2.21,195208,43499873.0,1.77,-1.77,-0.04,0.99
002124,天邦食品,2024-09-12,2.21,2.22,2.24,2.21,137693,30582818.0,1.35,0.0,0.0,0.7
002124,天邦食品,2024-09-13,2.2,2.18,2.21,2.17,170094,37242624.8,1.8,-1.8,-0.04,0.86
002124,天邦食品,2024-09-18,2.17,2.13,2.17,2.1,242851,51673170.6,3.21,-2.29,-0.05,1.23
002124,天邦食品,2024-09-19,2.14,2.16,2.19,2.13,231505,50003939.6,2.82,1.41,0.03,1.17
002124,天邦食品,2024-09-20,2.14,2.12,2.15,2.1,165756,35168827.4,2.31,-1.85,-0.04,0.84
002124,天邦食品,2024-09-23,2.11,2.1,2.12,2.07,171953,36062819.06,2.36,-0.94,-0.02,0.87
002124,天邦食品,2024-09-24,2.11,2.19,2.21,2.1,333763,71797708.25,5.24,4.29,0.09,1.69
002124,天邦食品,2024-09-25,2.19,2.19,2.24,2.18,382654,84553161.4,2.74,0.0,0.0,1.94
002124,天邦食品,2024-09-26,2.18,2.24,2.25,2.17,369726,81709739.91,3.65,2.28,0.05,1.87
002124,天邦食品,2024-09-27,2.25,2.28,2.32,2.24,629701,143211485.18,3.57,1.79,0.04,3.19
002124,天邦食品,2024-09-30,2.29,2.39,2.39,2.29,1170290,274141603.14,4.39,4.82,0.11,5.93
002124,天邦食品,2024-10-08,2.51,2.39,2.51,2.34,1386090,335573572.16,7.11,0.0,0.0,7.02
002124,天邦食品,2024-10-09,2.36,2.27,2.36,2.27,711946,163411469.72,3.77,-5.02,-0.12,3.61
002124,天邦食品,2024-10-10,2.38,2.38,2.38,2.36,338238,80459743.42,0.88,4.85,0.11,1.71
002124,天邦食品,2024-10-11,2.46,2.5,2.5,2.41,1593964,394474621.19,3.78,5.04,0.12,8.07
002124,天邦食品,2024-10-14,2.48,2.46,2.49,2.39,888331,216832053.01,4.0,-1.6,-0.04,4.5
002124,天邦食品,2024-10-15,2.46,2.55,2.58,2.43,1087292,277574360.07,6.1,3.66,0.09,5.51
002124,天邦食品,2024-10-16,2.5,2.64,2.68,2.48,883005,226004859.0,7.84,3.53,0.09,4.47
002124,天邦食品,2024-10-17,2.64,2.62,2.69,2.59,749397,197287873.04,3.79,-0.76,-0.02,3.8
002124,天邦食品,2024-10-18,2.61,2.58,2.62,2.52,887201,228020739.6,3.82,-1.53,-0.04,4.49
002124,天邦食品,2024-10-21,2.56,2.54,2.56,2.5,651137,164588222.99,2.33,-1.55,-0.04,3.3
002124,天邦食品,2024-10-22,2.59,2.6,2.67,2.57,848474,222962574.4,3.94,2.36,0.06,4.3
002124,天邦食品,2024-10-23,2.57,2.55,2.59,2.53,651220,166277236.9,2.31,-1.92,-0.05,3.3
002124,天邦食品,2024-10-24,2.55,2.59,2.65,2.54,527677,137098498.8,4.31,1.57,0.04,2.67
002124,天邦食品,2024-10-25,2.56,2.6,2.62,2.54,505968,130791611.85,3.09,0.39,0.01,2.56
002124,天邦食品,2024-10-28,2.61,2.67,2.68,2.6,536059,142272094.87,3.08,2.69,0.07,2.72
002124,天邦食品,2024-10-29,2.67,2.76,2.8,2.63,834953,228042058.12,6.37,3.37,0.09,4.23
002124,天邦食品,2024-10-30,2.78,2.9,2.9,2.77,1038483,299785063.39,4.71,5.07,0.14,5.26
002124,天邦食品,2024-10-31,2.9,2.85,3.0,2.84,1126559,327569158.18,5.52,-1.72,-0.05,5.71
002124,天邦食品,2024-11-01,2.83,2.99,2.99,2.82,962105,281822857.22,5.96,4.91,0.14,4.87
002124,天邦食品,2024-11-04,3.06,3.14,3.14,2.99,569620,175486489.8,5.02,5.02,0.15,2.89
002124,天邦食品,2024-11-05,3.3,3.3,3.3,3.25,189381,62406241.7,1.59,5.1,0.16,0.96
002124,天邦食品,2024-11-06,3.47,3.47,3.47,3.47,66740,23158897.98,0.0,5.15,0.17,0.34
002124,天邦食品,2024-11-07,3.64,3.36,3.64,3.3,1689250,582440300.49,9.8,-3.17,-0.11,8.56
002124,天邦食品,2024-11-08,3.42,3.53,3.53,3.36,1051049,362382198.53,5.06,5.06,0.17,5.32
002124,天邦食品,2024-11-11,3.55,3.48,3.55,3.42,845025,294169083.64,3.68,-1.42,-0.05,4.28
002124,天邦食品,2024-11-12,3.48,3.32,3.48,3.31,915257,308798917.13,4.89,-4.6,-0.16,4.64
002124,天邦食品,2024-11-13,3.26,3.3,3.38,3.17,635788,207362943.64,6.33,-0.6,-0.02,3.22
002124,天邦食品,2024-11-14,3.27,3.38,3.47,3.23,785115,265716036.94,7.27,2.42,0.08,3.98
002124,天邦食品,2024-11-15,3.33,3.25,3.37,3.22,545759,178939855.4,4.44,-3.85,-0.13,2.76
002124,天邦食品,2024-11-18,3.24,3.11,3.25,3.1,497787,156454910.26,4.62,-4.31,-0.14,2.52
002124,天邦食品,2024-11-19,3.11,3.18,3.19,3.11,311176,98011213.14,2.57,2.25,0.07,1.58
002124,天邦食品,2024-11-20,3.18,3.25,3.32,3.15,363908,118299494.07,5.35,2.2,0.07,1.84
002124,天邦食品,2024-11-21,3.25,3.27,3.31,3.22,277348,90430983.43,2.77,0.62,0.02,1.4
002124,天邦食品,2024-11-22,3.27,3.19,3.3,3.16,395682,127848471.96,4.28,-2.45,-0.08,2.0
002124,天邦食品,2024-11-25,3.18,3.2,3.24,3.12,280734,89204995.58,3.76,0.31,0.01,1.42
002124,天邦食品,2024-11-26,3.2,3.2,3.24,3.17,217283,69596107.5,2.19,0.0,0.0,1.1
002124,天邦食品,2024-11-27,3.18,3.17,3.18,3.11,292519,92042770.64,2.19,-0.94,-0.03,1.48
002124,天邦食品,2024-11-28,3.15,3.18,3.19,3.13,228687,72513677.1,1.89,0.32,0.01,1.16
002124,天邦食品,2024-11-29,3.16,3.28,3.33,3.16,437456,142864053.92,5.35,3.14,0.1,2.22
002124,天邦食品,2024-12-02,3.27,3.28,3.29,3.23,303268,98955794.76,1.83,0.0,0.0,1.54
002124,天邦食品,2024-12-03,3.27,3.3,3.35,3.25,318601,105191915.71,3.05,0.61,0.02,1.61
002124,天邦食品,2024-12-04,3.28,3.2,3.29,3.18,351349,113722531.64,3.33,-3.03,-0.1,1.78
002124,天邦食品,2024-12-05,3.17,3.17,3.2,3.15,288219,91451442.06,1.56,-0.94,-0.03,1.46
002124,天邦食品,2024-12-06,3.16,3.18,3.21,3.16,268964,85548608.49,1.58,0.32,0.01,1.36
002124,天邦食品,2024-12-09,3.18,3.11,3.18,3.1,376039,117559591.12,2.52,-2.2,-0.07,1.9
002124,天邦食品,2024-12-10,3.15,3.12,3.18,3.11,323787,101335103.4,2.25,0.32,0.01,1.64
002124,天邦食品,2024-12-11,3.1,3.11,3.14,3.07,268439,83465128.4,2.24,-0.32,-0.01,1.36
002124,天邦食品,2024-12-12,3.12,3.16,3.18,3.12,311389,98175112.76,1.93,1.61,0.05,1.58
002124,天邦食品,2024-12-13,3.16,3.11,3.16,3.1,283477,88517939.34,1.9,-1.58,-0.05,1.44
002124,天邦食品,2024-12-16,3.1,3.06,3.11,3.05,235620,72556340.2,1.93,-1.61,-0.05,1.19
002124,天邦食品,2024-12-17,3.03,2.91,3.04,2.91,503803,148124034.0,4.25,-4.9,-0.15,2.55
002124,天邦食品,2024-12-18,2.9,2.9,2.91,2.84,342428,98567507.72,2.41,-0.34,-0.01,1.73
002124,天邦食品,2024-12-19,2.86,2.95,2.99,2.83,358903,104898223.6,5.52,1.72,0.05,1.82
002124,天邦食品,2024-12-20,2.94,2.94,2.95,2.92,222197,65222014.42,1.02,-0.34,-0.01,1.13
002124,天邦食品,2024-12-23,2.94,2.83,2.99,2.82,325009,93973612.4,5.78,-3.74,-0.11,1.65
002124,天邦食品,2024-12-24,2.83,2.83,2.87,2.8,219585,62190759.22,2.47,0.0,0.0,1.11
002124,天邦食品,2024-12-25,2.84,2.76,2.85,2.71,320827,88602117.38,4.95,-2.47,-0.07,1.63
002124,天邦食品,2024-12-26,2.74,2.75,2.8,2.74,299987,82874153.8,2.17,-0.36,-0.01,1.52
002124,天邦食品,2024-12-27,2.74,2.8,2.82,2.72,306836,85484139.0,3.64,1.82,0.05,1.55
002124,天邦食品,2024-12-30,2.79,2.84,2.89,2.78,326353,92837761.55,3.93,1.43,0.04,1.65
002124,天邦食品,2024-12-31,2.83,2.79,2.88,2.76,289327,81645086.94,4.23,-1.76,-0.05,1.47
002124,天邦食品,2025-01-02,2.81,2.78,2.87,2.76,351415,99226154.31,3.94,-0.36,-0.01,1.78
002124,天邦食品,2025-01-03,2.78,2.71,2.8,2.7,325471,88970736.57,3.6,-2.52,-0.07,1.65
002124,天邦食品,2025-01-06,2.71,2.68,2.73,2.66,249885,67181734.56,2.58,-1.11,-0.03,1.27
002124,天邦食品,2025-01-07,2.67,2.72,2.72,2.66,216143,58083358.12,2.24,1.49,0.04,1.1
002124,天邦食品,2025-01-08,2.84,2.86,2.86,2.82,251955,71831727.94,1.47,5.15,0.14,1.28
002124,天邦食品,2025-01-09,2.92,2.9,2.99,2.9,735965,216102798.06,3.15,1.4,0.04,3.73
002124,天邦食品,2025-01-10,2.87,2.83,2.93,2.83,415892,119416026.47,3.45,-2.41,-0.07,2.11
002124,天邦食品,2025-01-13,2.79,2.75,2.79,2.71,292975,80399131.45,2.83,-2.83,-0.08,1.49
002124,天邦食品,2025-01-14,2.76,2.83,2.84,2.75,302870,84866329.61,3.27,2.91,0.08,1.54
002124,天邦食品,2025-01-15,2.82,2.79,2.83,2.78,269045,75376474.87,1.77,-1.41,-0.04,1.36
002124,天邦食品,2025-01-16,2.8,2.86,2.86,2.78,364429,102520733.07,2.87,2.51,0.07,1.85
002124,天邦食品,2025-01-17,2.84,2.91,2.95,2.81,355207,102311532.79,4.9,1.75,0.05,1.8
002124,天邦食品,2025-01-20,2.94,2.91,2.95,2.89,210826,61373595.0,2.06,0.0,0.0,1.07
002124,天邦食品,2025-01-21,2.92,3.06,3.06,2.88,435419,130042117.14,6.19,5.15,0.15,2.21
002124,天邦食品,2025-01-22,3.02,3.05,3.16,3.01,545643,167771185.0,4.9,-0.33,-0.01,2.77
002124,天邦食品,2025-01-23,3.04,3.09,3.13,3.03,412391,126692464.72,3.28,1.31,0.04,2.09
002124,天邦食品,2025-01-24,3.08,3.04,3.1,3.03,281783,86272952.46,2.27,-1.62,-0.05,1.43
002124,天邦食品,2025-01-27,3.04,2.98,3.08,2.98,273210,82891777.6,3.29,-1.97,-0.06,1.39
002124,天邦食品,2025-02-05,3.0,2.99,3.01,2.92,255194,75716861.76,3.02,0.34,0.01,1.29
002124,天邦食品,2025-02-06,2.99,2.98,2.99,2.94,246259,73074861.2,1.67,-0.33,-0.01,1.25
002124,天邦食品,2025-02-07,2.96,2.98,3.01,2.95,326123,97303134.58,2.01,0.0,0.0,1.65
002124,天邦食品,2025-02-10,2.89,2.83,2.9,2.83,723340,206143882.26,2.35,-5.03,-0.15,3.67
002124,天邦食品,2025-02-11,2.86,2.83,2.88,2.82,322985,91692024.4,2.12,0.0,0.0,1.64
002124,天邦食品,2025-02-12,2.81,2.8,2.81,2.77,363036,101231030.1,1.41,-1.06,-0.03,1.84
002124,天邦食品,2025-02-13,2.79,2.85,2.89,2.79,505771,144221633.94,3.57,1.79,0.05,2.56
002124,天邦食品,2025-02-14,2.84,2.8,2.84,2.77,378825,105884301.34,2.46,-1.75,-0.05,1.92
002124,天邦食品,2025-02-17,2.78,2.79,2.8,2.75,300276,83274118.72,1.79,-0.36,-0.01,1.52
002124,天邦食品,2025-02-18,2.8,2.76,2.84,2.76,327028,91654228.38,2.87,-1.08,-0.03,1.66
002124,天邦食品,2025-02-19,2.77,2.81,2.84,2.76,354047,98719856.95,2.9,1.81,0.05,1.8
002124,天邦食品,2025-02-20,2.8,2.78,2.81,2.77,260390,72468973.36,1.42,-1.07,-0.03,1.32
002124,天邦食品,2025-02-21,2.78,2.76,2.8,2.76,291468,80729732.08,1.44,-0.72,-0.02,1.48
002124,天邦食品,2025-02-24,2.77,2.77,2.8,2.76,305440,84711998.1,1.45,0.36,0.01,1.55
002124,天邦食品,2025-02-25,2.76,2.71,2.77,2.7,410567,112018932.6,2.53,-2.17,-0.06,2.08
002124,天邦食品,2025-02-26,2.71,2.7,2.72,2.68,299940,80915430.2,1.48,-0.37,-0.01,1.52
002124,天邦食品,2025-02-27,2.69,2.71,2.73,2.67,302569,81427595.8,2.22,0.37,0.01,1.53
002124,天邦食品,2025-02-28,2.7,2.67,2.72,2.67,238104,64099453.0,1.85,-1.48,-0.04,1.21
002124,天邦食品,2025-03-03,2.67,2.69,2.7,2.67,179622,48235454.6,1.12,0.75,0.02,0.91
002124,天邦食品,2025-03-04,2.69,2.77,2.79,2.67,371929,101839825.94,4.46,2.97,0.08,1.89
002124,天邦食品,2025-03-05,2.76,2.74,2.78,2.72,232842,64005462.8,2.17,-1.08,-0.03,1.18
002124,天邦食品,2025-03-06,2.74,2.76,2.77,2.73,204615,56184107.7,1.46,0.73,0.02,1.04
002124,天邦食品,2025-03-07,2.75,2.74,2.77,2.73,220226,60592077.7,1.45,-0.72,-0.02,1.12
002124,天邦食品,2025-03-10,2.77,2.78,2.81,2.75,340927,94728307.54,2.19,1.46,0.04,1.73
002124,天邦食品,2025-03-11,2.76,2.78,2.81,2.73,386883,106941561.8,2.88,0.0,0.0,1.96
002124,天邦食品,2025-03-12,2.77,2.75,2.78,2.74,337660,92951554.81,1.44,-1.08,-0.03,1.71
002124,天邦食品,2025-03-13,2.76,2.73,2.77,2.72,281131,77129150.74,1.82,-0.73,-0.02,1.43
002124,天邦食品,2025-03-14,2.74,2.78,2.78,2.73,450106,124042862.98,1.83,1.83,0.05,2.28
002124,天邦食品,2025-03-17,2.77,2.79,2.81,2.77,364176,101640815.52,1.44,0.36,0.01,1.85
002124,天邦食品,2025-03-18,2.79,2.78,2.79,2.77,231392,64347179.8,0.72,-0.36,-0.01,1.17
002124,天邦食品,2025-03-19,2.78,2.88,2.92,2.77,821590,236933479.55,5.4,3.6,0.1,4.17
002124,天邦食品,2025-03-20,2.94,3.02,3.02,2.92,436629,130391101.94,3.47,4.86,0.14,2.21
002124,天邦食品,2025-03-21,3.12,3.03,3.17,3.01,1221907,375912403.62,5.3,0.33,0.01,6.2
002124,天邦食品,2025-03-24,3.02,2.97,3.08,2.92,726240,216704693.24,5.28,-1.98,-0.06,3.68
002124,天邦食品,2025-03-25,2.96,3.11,3.12,2.94,912176,278889099.55,6.06,4.71,0.14,4.62
002124,天邦食品,2025-03-26,3.07,3.1,3.13,3.04,672000,207452472.75,2.89,-0.32,-0.01,3.41
002124,天邦食品,2025-03-27,3.09,3.0,3.1,2.98,648570,196898700.64,3.87,-3.23,-0.1,3.29
002124,天邦食品,2025-03-28,2.98,3.05,3.07,2.97,487736,147815079.82,3.33,1.67,0.05,2.47
002124,天邦食品,2025-03-31,3.13,3.07,3.19,3.03,955045,296430410.13,5.25,0.66,0.02,4.84
002124,天邦食品,2025-04-01,3.04,2.99,3.05,2.98,608402,182978696.26,2.28,-2.61,-0.08,3.08
002124,天邦食品,2025-04-02,2.99,3.0,3.03,2.96,355469,106422321.57,2.34,0.33,0.01,1.8
002124,天邦食品,2025-04-03,2.97,3.01,3.02,2.96,310556,93125805.0,2.0,0.33,0.01,1.57
002124,天邦食品,2025-04-07,2.94,2.86,2.97,2.86,758749,220512972.6,3.65,-4.98,-0.15,3.85
002124,天邦食品,2025-04-08,2.83,2.99,3.0,2.83,1079717,317143245.79,5.94,4.55,0.13,5.47
002124,天邦食品,2025-04-09,2.96,2.98,3.04,2.9,830757,246828826.44,4.68,-0.33,-0.01,4.21
002124,天邦食品,2025-04-10,2.95,3.04,3.06,2.92,698051,209705328.79,4.7,2.01,0.06,3.54
002124,天邦食品,2025-04-11,3.02,3.11,3.18,3.0,740091,228344652.28,5.92,2.3,0.07,3.75
002124,天邦食品,2025-04-14,3.1,3.21,3.25,3.09,702160,222187501.1,5.14,3.22,0.1,3.56
002124,天邦食品,2025-04-15,3.21,3.18,3.21,3.13,454463,144206460.6,2.49,-0.93,-0.03,2.3
002124,天邦食品,2025-04-16,3.18,3.24,3.29,3.16,569024,183755474.48,4.09,1.89,0.06,2.88
002124,天邦食品,2025-04-17,3.24,3.37,3.37,3.21,701587,231991737.97,4.94,4.01,0.13,3.56
002124,天邦食品,2025-04-18,3.35,3.31,3.37,3.27,636196,210973780.12,2.97,-1.78,-0.06,3.23
002124,天邦食品,2025-04-21,3.28,3.26,3.29,3.21,564540,183499665.26,2.42,-1.51,-0.05,2.86
002124,天邦食品,2025-04-22,3.23,3.4,3.42,3.23,1096123,370619797.65,5.83,4.29,0.14,5.56
002124,天邦食品,2025-04-23,3.33,3.35,3.36,3.3,729400,242662089.08,1.76,-1.47,-0.05,3.7
002124,天邦食品,2025-04-24,3.35,3.49,3.52,3.32,971009,332649927.14,5.97,4.18,0.14,4.92
002124,天邦食品,2025-04-25,3.43,3.47,3.55,3.42,672437,234215401.28,3.72,-0.57,-0.02,3.41
002124,天邦食品,2025-04-28,3.45,3.3,3.5,3.3,815331,272665907.0,5.76,-4.9,-0.17,4.13
002124,天邦食品,2025-04-29,3.25,3.27,3.29,3.2,542468,176328364.58,2.73,-0.91,-0.03,2.75
002124,天邦食品,2025-05-06,3.3,3.31,3.49,3.27,1503095,502766947.48,6.73,1.22,0.04,7.62
002124,天邦食品,2025-05-07,3.33,3.26,3.35,3.24,855167,280547376.64,3.32,-1.51,-0.05,4.34
002124,天邦食品,2025-05-08,3.24,3.59,3.59,3.09,2108337,710041580.0,15.34,10.12,0.33,10.69
002124,天邦食品,2025-05-09,3.53,3.29,3.66,3.28,2495074,862009261.46,10.58,-8.36,-0.3,12.65
002124,天邦食品,2025-05-12,3.29,3.2,3.33,3.18,1416960,457004886.05,4.56,-2.74,-0.09,7.18
002124,天邦食品,2025-05-13,3.2,3.13,3.21,3.11,902952,284499724.28,3.13,-2.19,-0.07,4.58
002124,天邦食品,2025-05-14,3.13,3.16,3.17,3.1,705146,221856305.68,2.24,0.96,0.03,3.58
002124,天邦食品,2025-05-15,3.14,3.13,3.17,3.11,547676,171825874.23,1.9,-0.95,-0.03,2.78
002124,天邦食品,2025-05-16,3.12,3.12,3.13,3.05,532028,164733011.01,2.56,-0.32,-0.01,2.7
002124,天邦食品,2025-05-19,3.11,3.13,3.17,3.1,445532,139580715.49,2.24,0.32,0.01,2.26
002124,天邦食品,2025-05-20,3.14,3.14,3.16,3.12,456416,143399224.54,1.28,0.32,0.01,2.31
002124,天邦食品,2025-05-21,3.14,3.07,3.14,3.07,518816,160645401.4,2.23,-2.23,-0.07,2.63
002124,天邦食品,2025-05-22,3.06,3.0,3.08,2.99,608974,184433602.47,2.93,-2.28,-0.07,3.09
002124,天邦食品,2025-05-23,3.0,2.95,3.01,2.95,438374,130793995.76,2.0,-1.67,-0.05,2.22
002124,天邦食品,2025-05-26,2.95,2.95,2.96,2.92,406690,119724280.84,1.36,0.0,0.0,2.06
002124,天邦食品,2025-05-27,2.93,2.95,2.97,2.93,339657,100177066.0,1.36,0.0,0.0,1.72
002124,天邦食品,2025-05-28,2.95,2.99,3.04,2.93,502183,150540042.2,3.73,1.36,0.04,2.55
002124,天邦食品,2025-05-29,2.98,3.04,3.04,2.96,429183,129597848.73,2.68,1.67,0.05,2.18
002124,天邦食品,2025-05-30,3.06,3.12,3.22,3.04,974243,306746929.1,5.92,2.63,0.08,4.94
002124,天邦食品,2025-06-03,3.05,3.04,3.06,2.98,721491,218219480.7,2.56,-2.56,-0.08,3.66
002124,天邦食品,2025-06-04,3.03,3.06,3.08,3.0,437771,133155537.94,2.63,0.66,0.02,2.22
002124,天邦食品,2025-06-05,3.05,3.0,3.06,2.99,406616,122596485.2,2.29,-1.96,-0.06,2.06
002124,天邦食品,2025-06-06,3.0,3.03,3.05,3.0,254747,77133452.32,1.67,1.0,0.03,1.29
002124,天邦食品,2025-06-09,3.0,3.02,3.04,2.99,318903,96363302.41,1.65,-0.33,-0.01,1.62
002124,天邦食品,2025-06-10,3.03,2.99,3.03,2.97,378263,113412313.2,1.99,-0.99,-0.03,1.92
002124,天邦食品,2025-06-11,3.0,3.06,3.07,2.99,552767,168469911.45,2.68,2.34,0.07,2.8
002124,天邦食品,2025-06-12,3.04,3.01,3.06,3.0,319743,96520321.4,1.96,-1.63,-0.05,1.62
002124,天邦食品,2025-06-13,3.01,2.98,3.02,2.97,316127,94433288.0,1.66,-1.0,-0.03,1.6
002124,天邦食品,2025-06-16,2.99,2.99,2.99,2.97,213372,63572183.04,0.67,0.34,0.01,1.08
002124,天邦食品,2025-06-17,2.99,3.0,3.01,2.98,219816,65825111.6,1.0,0.33,0.01,1.11
002124,天邦食品,2025-06-18,2.99,2.97,3.0,2.95,246618,73154580.05,1.67,-1.0,-0.03,1.25
002124,天邦食品,2025-06-19,2.96,2.92,2.97,2.92,208292,61252288.0,1.68,-1.68,-0.05,1.06
002124,天邦食品,2025-06-20,2.92,2.9,2.95,2.9,188830,55186309.76,1.71,-0.68,-0.02,0.96
002124,天邦食品,2025-06-23,2.88,2.92,2.94,2.85,248283,72034209.92,3.1,0.69,0.02,1.26
002124,天邦食品,2025-06-24,2.93,2.96,2.96,2.92,267527,78710333.72,1.37,1.37,0.04,1.36
002124,天邦食品,2025-06-25,2.96,2.95,2.97,2.93,292738,86252586.2,1.35,-0.34,-0.01,1.48
002124,天邦食品,2025-06-26,2.98,2.96,3.02,2.95,403530,120525478.0,2.37,0.34,0.01,2.05
002124,天邦食品,2025-06-27,2.96,2.94,2.97,2.93,305084,89934552.6,1.35,-0.68,-0.02,1.55
002124,天邦食品,2025-06-30,2.95,2.95,2.95,2.93,207777,61051674.34,0.68,0.34,0.01,1.05
002124,天邦食品,2025-07-01,2.96,2.95,2.96,2.93,224289,66044229.8,1.02,0.0,0.0,1.14
002124,天邦食品,2025-07-02,2.94,2.99,3.0,2.93,425402,126191204.36,2.37,1.36,0.04,2.16
002124,天邦食品,2025-07-03,3.0,3.0,3.01,2.97,322899,96637689.81,1.34,0.33,0.01,1.64
002124,天邦食品,2025-07-04,3.0,3.02,3.06,2.99,600569,182064671.18,2.33,0.67,0.02,3.04
002124,天邦食品,2025-07-07,3.02,2.99,3.02,2.98,282519,84495568.6,1.32,-0.99,-0.03,1.43
002124,天邦食品,2025-07-08,2.99,2.99,2.99,2.96,309833,92192556.01,1.0,0.0,0.0,1.57
002124,天邦食品,2025-07-09,2.98,2.99,3.03,2.98,390775,117303365.0,1.67,0.0,0.0,1.98
002124,天邦食品,2025-07-10,3.13,3.1,3.21,3.09,1421647,446661677.35,4.01,3.68,0.11,7.21
002124,天邦食品,2025-07-11,3.09,3.09,3.17,3.07,740021,230004654.63,3.23,-0.32,-0.01,3.75
002124,天邦食品,2025-07-14,3.09,3.09,3.15,3.07,476725,147951494.2,2.59,0.0,0.0,2.42
002124,天邦食品,2025-07-15,3.08,3.03,3.09,3.0,532244,161748259.0,2.91,-1.94,-0.06,2.7
002124,天邦食品,2025-07-16,3.02,3.03,3.04,3.01,265471,80250298.99,0.99,0.0,0.0,1.35
002124,天邦食品,2025-07-17,3.05,3.01,3.05,3.0,364675,110024329.0,1.65,-0.66,-0.02,1.85
002124,天邦食品,2025-07-18,3.01,3.01,3.03,3.0,262623,79211580.58,1.0,0.0,0.0,1.33
002124,天邦食品,2025-07-21,3.01,3.08,3.09,3.01,577981,176672145.88,2.66,2.33,0.07,2.93
002124,天邦食品,2025-07-22,3.08,3.21,3.22,3.07,1465997,465527520.14,4.87,4.22,0.13,7.43
002124,天邦食品,2025-07-23,3.23,3.17,3.3,3.16,1077694,345914234.94,4.36,-1.25,-0.04,5.46
002124,天邦食品,2025-07-24,3.16,3.17,3.18,3.11,646696,203592028.63,2.21,0.0,0.0,3.28
002124,天邦食品,2025-07-25,3.18,3.15,3.22,3.14,468724,148912974.6,2.52,-0.63,-0.02,2.38
002124,天邦食品,2025-07-28,3.15,3.12,3.16,3.1,456641,142707014.4,1.9,-0.95,-0.03,2.32
002124,天邦食品,2025-07-29,3.11,3.08,3.12,3.04,531562,163190515.6,2.56,-1.28,-0.04,2.7
002124,天邦食品,2025-07-30,3.08,3.08,3.1,3.06,375621,115822986.32,1.3,0.0,0.0,1.9
002124,天邦食品,2025-07-31,3.07,3.04,3.08,3.03,359812,109709263.8,1.62,-1.3,-0.04,1.82
002124,天邦食品,2025-08-01,3.05,3.05,3.08,3.03,256833,78390256.2,1.64,0.33,0.01,1.3
002124,天邦食品,2025-08-04,3.03,3.04,3.05,3.02,278966,84601566.7,0.98,-0.33,-0.01,1.41
002124,天邦食品,2025-08-05,3.04,3.06,3.07,3.04,316974,96908750.2,0.99,0.66,0.02,1.61
002124,天邦食品,2025-08-06,3.06,3.04,3.07,3.02,323236,98193506.6,1.63,-0.65,-0.02,1.64
002124,天邦食品,2025-08-07,3.05,3.06,3.08,3.04,386206,118137379.8,1.32,0.66,0.02,1.96
002124,天邦食品,2025-08-08,3.06,3.06,3.07,3.04,361404,110519573.75,0.98,0.0,0.0,1.83
002124,天邦食品,2025-08-11,3.07,3.05,3.08,3.04,451454,138000491.0,1.31,-0.33,-0.01,2.29
002124,天邦食品,2025-08-12,3.05,3.03,3.07,3.02,416113,126437821.34,1.64,-0.66,-0.02,2.11
002124,天邦食品,2025-08-13,3.03,3.01,3.04,3.0,412637,124286869.7,1.32,-0.66,-0.02,2.09
002124,天邦食品,2025-08-14,3.01,2.96,3.02,2.96,448314,133928731.1,1.99,-1.66,-0.05,2.27
002124,天邦食品,2025-08-15,2.97,2.99,2.99,2.96,255829,76167920.28,1.01,1.01,0.03,1.3
002124,天邦食品,2025-08-18,2.99,3.0,3.01,2.98,431099,129213080.71,1.0,0.33,0.01,2.19
002124,天邦食品,2025-08-19,3.0,3.0,3.01,2.98,381101,114079827.8,1.0,0.0,0.0,1.93
002124,天邦食品,2025-08-20,2.99,3.01,3.01,2.98,415207,124355231.4,1.0,0.33,0.01,2.11
002124,天邦食品,2025-08-21,3.01,3.03,3.05,3.0,573844,173653476.07,1.66,0.66,0.02,2.91
002124,天邦食品,2025-08-22,3.04,3.02,3.06,3.0,411919,124206698.68,1.98,-0.33,-0.01,2.09
002124,天邦食品,2025-08-25,3.02,3.03,3.03,3.0,506019,152666010.16,0.99,0.33,0.01,2.57
002124,天邦食品,2025-08-26,3.02,3.12,3.14,3.0,1289008,398621962.39,4.62,2.97,0.09,6.54
002124,天邦食品,2025-08-27,3.11,3.09,3.21,3.08,1305871,410814402.25,4.17,-0.96,-0.03,6.62
002124,天邦食品,2025-08-28,3.1,3.08,3.11,3.0,861574,263242069.33,3.56,-0.32,-0.01,4.37
002124,天邦食品,2025-08-29,3.11,3.03,3.13,3.02,731112,223751260.6,3.57,-1.62,-0.05,3.71
002124,天邦食品,2025-09-01,3.03,3.03,3.05,3.0,520285,157443590.77,1.65,0.0,0.0,2.64
002124,天邦食品,2025-09-02,3.02,3.02,3.05,3.0,483563,146113954.62,1.65,-0.33,-0.01,2.45
002124,天邦食品,2025-09-03,3.02,2.97,3.03,2.97,477737,142991738.83,1.99,-1.66,-0.05,2.42
002124,天邦食品,2025-09-04,2.97,3.0,3.04,2.96,488402,146424507.11,2.69,1.01,0.03,2.48
002124,天邦食品,2025-09-05,2.99,3.01,3.02,2.97,381751,114181436.73,1.67,0.33,0.01,1.94
002124,天邦食品,2025-09-08,3.01,3.09,3.13,3.01,1086620,335111944.47,3.99,2.66,0.08,5.51
002124,天邦食品,2025-09-09,3.09,3.08,3.11,3.05,648596,199688566.02,1.94,-0.32,-0.01,3.29
002124,天邦食品,2025-09-10,3.06,3.09,3.12,3.03,661301,203171122.71,2.92,0.32,0.01,3.35
002124,天邦食品,2025-09-11,3.1,3.18,3.25,3.1,1685825,535345762.74,4.85,2.91,0.09,8.55
002124,天邦食品,2025-09-12,3.15,3.16,3.2,3.15,1093158,347115811.84,1.57,-0.63,-0.02,5.54
002124,天邦食品,2025-09-15,3.15,3.21,3.23,3.15,1069268,341839455.0,2.53,1.58,0.05,5.42
002124,天邦食品,2025-09-16,3.21,3.16,3.21,3.12,809651,255065528.8,2.8,-1.56,-0.05,4.1
002124,天邦食品,2025-09-17,3.15,3.13,3.17,3.09,603830,188554809.82,2.53,-0.95,-0.03,3.06
002124,天邦食品,2025-09-18,3.12,3.04,3.13,3.02,823338,252946495.0,3.51,-2.88,-0.09,4.17
002124,天邦食品,2025-09-19,3.04,3.02,3.06,3.01,515463,156093531.62,1.64,-0.66,-0.02,2.61
002124,天邦食品,2025-09-22,3.02,3.0,3.03,2.99,486900,146031129.0,1.32,-0.66,-0.02,2.47
002124,天邦食品,2025-09-23,2.99,2.97,3.0,2.93,576791,170800000.61,2.33,-1.0,-0.03,2.92
002124,天邦食品,2025-09-24,2.96,3.0,3.0,2.95,460263,137102597.2,1.68,1.01,0.03,2.33
002124,天邦食品,2025-09-25,2.99,2.96,3.0,2.95,368791,109484569.4,1.67,-1.33,-0.04,1.87
002124,天邦食品,2025-09-26,2.95,2.96,2.98,2.94,317188,93838054.9,1.35,0.0,0.0,1.61
002124,天邦食品,2025-09-29,2.95,2.93,2.95,2.91,440798,128981125.6,1.35,-1.01,-0.03,2.23
002124,天邦食品,2025-09-30,2.92,2.92,2.93,2.9,336671,98169755.77,1.02,-0.34,-0.01,1.71
002124,天邦食品,2025-10-09,2.91,2.89,2.91,2.86,522689,150425707.95,1.71,-1.03,-0.03,2.65
002124,天邦食品,2025-10-10,2.89,2.9,2.92,2.87,413259,119902469.33,1.73,0.35,0.01,2.1
002124,天邦食品,2025-10-13,2.86,2.87,2.87,2.84,508146,145238661.19,1.03,-1.03,-0.03,2.58
002124,天邦食品,2025-10-14,2.87,2.86,2.89,2.85,450251,129285272.66,1.39,-0.35,-0.01,2.28
002124,天邦食品,2025-10-15,2.86,2.87,2.88,2.85,427568,122617524.92,1.05,0.35,0.01,2.17
002124,天邦食品,2025-10-16,2.87,2.85,2.88,2.85,319317,91347723.43,1.05,-0.7,-0.02,1.62
002124,天邦食品,2025-10-17,2.85,2.81,2.86,2.81,343205,97236907.76,1.75,-1.4,-0.04,1.74
002124,天邦食品,2025-10-20,2.82,2.82,2.83,2.81,268381,75648869.79,0.71,0.36,0.01,1.36
002124,天邦食品,2025-10-21,2.83,2.93,2.96,2.82,849184,246566329.05,4.96,3.9,0.11,4.31
002124,天邦食品,2025-10-22,2.91,2.9,2.95,2.89,348189,101357445.16,2.05,-1.02,-0.03,1.77
002124,天邦食品,2025-10-23,2.89,2.92,2.92,2.87,324917,94024399.24,1.72,0.69,0.02,1.65
002124,天邦食品,2025-10-24,2.92,2.88,2.92,2.87,377971,109190345.4,1.71,-1.37,-0.04,1.92
002124,天邦食品,2025-10-27,2.89,2.89,2.91,2.87,335205,96730574.0,1.39,0.35,0.01,1.7
002124,天邦食品,2025-10-28,2.89,2.88,2.9,2.86,248311,71383183.1,1.38,-0.35,-0.01,1.26
002124,天邦食品,2025-10-29,2.87,2.87,2.88,2.84,236749,67685607.3,1.39,-0.35,-0.01,1.2
002124,天邦食品,2025-10-30,2.87,2.85,2.87,2.84,293119,83728693.0,1.05,-0.7,-0.02,1.49
002124,天邦食品,2025-10-31,2.83,2.88,2.88,2.83,308083,88089342.1,1.75,1.05,0.03,1.56
002124,天邦食品,2025-11-03,2.88,2.9,2.9,2.86,287193,82890249.71,1.39,0.69,0.02,1.46
002124,天邦食品,2025-11-04,2.9,2.88,2.9,2.86,281298,81097570.4,1.38,-0.69,-0.02,1.43
002124,天邦食品,2025-11-05,2.87,2.91,2.91,2.86,281974,81661402.96,1.74,1.04,0.03,1.43
002124,天邦食品,2025-11-06,2.9,2.9,2.91,2.88,256996,74362134.42,1.03,-0.34,-0.01,1.3
002124,天邦食品,2025-11-07,2.87,2.83,2.88,2.83,761940,216953906.52,1.72,-2.41,-0.07,3.86
002124,天邦食品,2025-11-10,2.84,2.86,2.87,2.82,461954,131617398.16,1.77,1.06,0.03,2.34
002124,天邦食品,2025-11-11,2.86,2.88,2.89,2.85,452738,129791340.34,1.4,0.7,0.02,2.3
002124,天邦食品,2025-11-12,2.88,2.85,2.89,2.84,354442,101251128.0,1.74,-1.04,-0.03,1.8
002124,天邦食品,2025-11-13,2.85,2.86,2.87,2.83,348332,99331234.76,1.4,0.35,0.01,1.77
002124,天邦食品,2025-11-14,2.85,2.87,2.89,2.85,473350,136026521.93,1.4,0.35,0.01,2.4
002124,天邦食品,2025-11-17,2.87,2.9,2.9,2.86,519849,149904650.23,1.39,1.05,0.03,2.64
002124,天邦食品,2025-11-18,2.89,2.85,2.9,2.83,490082,139842215.36,2.41,-1.72,-0.05,2.48
002124,天邦食品,2025-11-19,2.84,2.9,2.94,2.82,937009,269817461.53,4.21,1.75,0.05,4.75
002124,天邦食品,2025-11-20,2.89,2.84,2.9,2.84,514042,146763835.16,2.07,-2.07,-0.06,2.61
002124,天邦食品,2025-11-21,2.83,2.72,2.84,2.71,738825,205042758.6,4.58,-4.23,-0.12,3.75
002124,天邦食品,2025-11-24,2.72,2.73,2.75,2.71,252555,68930213.32,1.47,0.37,0.01,1.28
002124,天邦食品,2025-11-25,2.74,2.74,2.75,2.72,283697,77502689.54,1.1,0.37,0.01,1.44
002124,天邦食品,2025-11-26,2.74,2.73,2.75,2.72,203586,55675497.0,1.09,-0.36,-0.01,1.03
002124,天邦食品,2025-11-27,2.73,2.72,2.74,2.71,223942,60992218.0,1.1,-0.37,-0.01,1.14
002124,天邦食品,2025-11-28,2.72,2.71,2.72,2.69,270682,73196913.0,1.1,-0.37,-0.01,1.37
002124,天邦食品,2025-12-01,2.79,2.79,2.83,2.77,773254,216420930.77,2.21,2.95,0.08,3.92
002124,天邦食品,2025-12-02,2.78,2.73,2.79,2.72,398932,109601631.34,2.51,-2.15,-0.06,2.02
002124,天邦食品,2025-12-03,2.73,2.73,2.75,2.72,357021,97680023.2,1.1,0.0,0.0,1.81
002124,天邦食品,2025-12-04,2.73,2.71,2.74,2.7,291820,79305381.0,1.47,-0.73,-0.02,1.48
002124,天邦食品,2025-12-05,2.71,2.73,2.74,2.7,229532,62454707.0,1.48,0.74,0.02,1.16
002124,天邦食品,2025-12-08,2.74,2.74,2.75,2.72,253864,69434799.06,1.1,0.37,0.01,1.29
002124,天邦食品,2025-12-09,2.73,2.74,2.75,2.71,322460,88120110.3,1.46,0.0,0.0,1.63
002124,天邦食品,2025-12-10,2.73,2.76,2.77,2.72,399222,109788664.3,1.82,0.73,0.02,2.02
002124,天邦食品,2025-12-11,2.76,2.89,2.95,2.74,1997728,574083028.01,7.61,4.71,0.13,10.13
002124,天邦食品,2025-12-12,2.83,2.81,2.88,2.81,1102233,312843504.05,2.42,-2.77,-0.08,5.59
002124,天邦食品,2025-12-15,2.8,2.85,2.92,2.8,693061,198511609.2,4.27,1.42,0.04,3.51
002124,天邦食品,2025-12-16,2.85,2.86,2.9,2.84,589478,169279117.0,2.11,0.35,0.01,2.99
002124,天邦食品,2025-12-17,2.94,2.87,2.97,2.82,814541,234341819.84,5.24,0.35,0.01,4.13
002124,天邦食品,2025-12-18,2.82,2.83,2.87,2.81,510753,144743431.61,2.09,-1.39,-0.04,2.59
002124,天邦食品,2025-12-19,2.82,2.86,2.87,2.8,484230,137364624.2,2.47,1.06,0.03,2.46
002124,天邦食品,2025-12-22,2.85,2.84,2.85,2.83,309148,87753262.16,0.7,-0.7,-0.02,1.57
002124,天邦食品,2025-12-23,2.83,2.78,2.84,2.78,440157,123193168.84,2.11,-2.11,-0.06,2.23
002124,天邦食品,2025-12-24,2.77,2.77,2.79,2.76,242313,67239492.82,1.08,-0.36,-0.01,1.23
002124,天邦食品,2025-12-25,2.77,2.79,2.8,2.77,264467,73674914.01,1.08,0.72,0.02,1.34
002124,天邦食品,2025-12-26,2.79,2.79,2.8,2.77,269809,75221510.6,1.08,0.0,0.0,1.37
002124,天邦食品,2025-12-29,2.79,2.77,2.81,2.75,434061,120628708.9,2.15,-0.72,-0.02,2.2
002124,天邦食品,2025-12-30,2.77,2.76,2.8,2.75,344865,95623212.98,1.81,-0.36,-0.01,1.75
002124,天邦食品,2025-12-31,2.76,2.74,2.77,2.72,279345,76512104.41,1.81,-0.72,-0.02,1.42
002124,天邦食品,2026-01-05,2.75,2.75,2.76,2.73,260024,71371351.27,1.09,0.36,0.01,1.32
002124,天邦食品,2026-01-06,2.75,2.77,2.79,2.74,354606,98179018.84,1.82,0.73,0.02,1.8
002124,天邦食品,2026-01-07,2.76,2.76,2.78,2.75,264553,73050433.45,1.08,-0.36,-0.01,1.34
002124,天邦食品,2026-01-08,2.76,2.77,2.78,2.75,288889,79865608.36,1.09,0.36,0.01,1.46
002124,天邦食品,2026-01-09,2.76,2.76,2.78,2.75,363841,100344446.95,1.08,-0.36,-0.01,1.84
002124,天邦食品,2026-01-12,2.75,2.75,2.76,2.72,569813,156035752.46,1.45,-0.36,-0.01,2.89
002124,天邦食品,2026-01-13,2.75,2.75,2.77,2.73,456149,125470350.97,1.45,0.0,0.0,2.31
002124,天邦食品,2026-01-14,2.75,2.73,2.75,2.71,539254,147456287.16,1.45,-0.73,-0.02,2.73
002124,天邦食品,2026-01-15,2.72,2.71,2.74,2.7,300463,81629560.0,1.47,-0.73,-0.02,1.52
002124,天邦食品,2026-01-16,2.71,2.7,2.72,2.69,296858,80175612.99,1.11,-0.37,-0.01,1.51
002124,天邦食品,2026-01-19,2.7,2.72,2.72,2.7,183637,49852204.65,0.74,0.74,0.02,0.93
002124,天邦食品,2026-01-20,2.72,2.73,2.75,2.71,345828,94568327.18,1.47,0.37,0.01,1.75
002124,天邦食品,2026-01-21,2.72,2.71,2.73,2.7,302315,81902284.9,1.1,-0.73,-0.02,1.53
002124,天邦食品,2026-01-22,2.71,2.72,2.72,2.7,196714,53341227.4,0.74,0.37,0.01,1.0
002124,天邦食品,2026-01-23,2.72,2.73,2.73,2.71,273588,74423318.4,0.74,0.37,0.01,1.39
002124,天邦食品,2026-01-26,2.73,2.76,2.77,2.71,683718,187385026.25,2.2,1.1,0.03,3.47
002124,天邦食品,2026-01-27,2.75,2.72,2.76,2.7,475254,129172609.75,2.17,-1.45,-0.04,2.41
002124,天邦食品,2026-01-28,2.71,2.72,2.75,2.7,369334,100579292.7,1.84,0.0,0.0,1.87
002124,天邦食品,2026-01-29,2.72,2.73,2.74,2.71,380556,103684089.6,1.1,0.37,0.01,1.93
002124,天邦食品,2026-01-30,2.72,2.75,2.78,2.72,833020,229557299.3,2.2,0.73,0.02,4.22
002124,天邦食品,2026-02-02,2.7,2.56,2.71,2.54,1087826,282661750.19,6.18,-6.91,-0.19,5.52
002124,天邦食品,2026-02-03,2.57,2.49,2.59,2.47,744409,186924362.57,4.69,-2.73,-0.07,3.77
002124,天邦食品,2026-02-04,2.51,2.51,2.53,2.49,354800,88942085.1,1.61,0.8,0.02,1.8
002124,天邦食品,2026-02-05,2.5,2.51,2.53,2.49,271557,68241452.4,1.59,0.0,0.0,1.38
002124,天邦食品,2026-02-06,2.5,2.51,2.53,2.49,238121,59842677.69,1.59,0.0,0.0,1.21
002124,天邦食品,2026-02-09,2.53,2.53,2.54,2.51,226911,57233074.84,1.2,0.8,0.02,1.15
002124,天邦食品,2026-02-10,2.53,2.52,2.53,2.51,223420,56237897.23,0.79,-0.4,-0.01,1.13
002124,天邦食品,2026-02-11,2.51,2.52,2.53,2.5,268139,67342616.2,1.19,0.0,0.0,1.36
002124,天邦食品,2026-02-12,2.51,2.48,2.52,2.48,301658,75292049.97,1.59,-1.59,-0.04,1.53
002124,天邦食品,2026-02-13,2.47,2.47,2.49,2.46,205104,50761746.09,1.21,-0.4,-0.01,1.04
002124,天邦食品,2026-02-24,2.48,2.49,2.49,2.46,236997,58629854.15,1.21,0.81,0.02,1.2
002124,天邦食品,2026-02-25,2.48,2.53,2.54,2.48,386816,97535844.68,2.41,1.61,0.04,1.96
002124,天邦食品,2026-02-26,2.53,2.51,2.54,2.5,242877,61079214.6,1.58,-0.79,-0.02,1.23
002124,天邦食品,2026-02-27,2.51,2.52,2.53,2.5,238811,60128861.68,1.2,0.4,0.01,1.21
002124,天邦食品,2026-03-02,2.5,2.48,2.51,2.46,379290,94273103.28,1.98,-1.59,-0.04,1.92
002124,天邦食品,2026-03-03,2.48,2.47,2.52,2.46,434504,108163722.78,2.42,-0.4,-0.01,2.2
002124,天邦食品,2026-03-04,2.46,2.42,2.47,2.41,387751,94381032.2,2.43,-2.02,-0.05,1.97
002124,天邦食品,2026-03-05,2.44,2.39,2.44,2.37,386289,92663450.6,2.89,-1.24,-0.03,1.96
002124,天邦食品,2026-03-06,2.38,2.49,2.49,2.37,606709,148747600.6,5.02,4.18,0.1,3.08
002124,天邦食品,2026-03-09,2.47,2.53,2.54,2.46,693482,174533579.2,3.21,1.61,0.04,3.52
002124,天邦食品,2026-03-10,2.51,2.52,2.55,2.49,399268,100917823.36,2.37,-0.4,-0.01,2.02
002124,天邦食品,2026-03-11,2.52,2.53,2.54,2.5,391704,98681203.44,1.59,0.4,0.01,1.99
002124,天邦食品,2026-03-12,2.54,2.63,2.69,2.52,1103660,289044363.55,6.72,3.95,0.1,5.6
002124,天邦食品,2026-03-13,2.61,2.59,2.64,2.58,661270,172468054.5,2.28,-1.52,-0.04,3.35
002124,天邦食品,2026-03-16,2.59,2.61,2.66,2.59,540474,141647667.8,2.7,0.77,0.02,2.74
002124,天邦食品,2026-03-17,2.6,2.58,2.66,2.57,534326,139819264.2,3.45,-1.15,-0.03,2.71
002124,天邦食品,2026-03-18,2.58,2.54,2.59,2.52,373295,95158260.92,2.71,-1.55,-0.04,1.89
002124,天邦食品,2026-03-19,2.53,2.52,2.57,2.52,353606,89850816.4,1.97,-0.79,-0.02,1.79
002124,天邦食品,2026-03-20,2.53,2.46,2.54,2.45,404045,100387932.8,3.57,-2.38,-0.06,2.05
002124,天邦食品,2026-03-23,2.42,2.28,2.44,2.26,744132,174189506.02,7.32,-7.32,-0.18,3.77
002124,天邦食品,2026-03-24,2.32,2.33,2.34,2.24,500860,114972692.18,4.39,2.19,0.05,2.54
002124,天邦食品,2026-03-25,2.36,2.39,2.4,2.33,399045,94559844.46,3.0,2.58,0.06,2.02
002124,天邦食品,2026-03-26,2.39,2.36,2.42,2.35,319631,75868867.1,2.93,-1.26,-0.03,1.62
002124,天邦食品,2026-03-27,2.33,2.4,2.4,2.33,336403,80036314.42,2.97,1.69,0.04,1.71
