股票代码,股票名称,日期,开盘,收盘,最高,最低,成交量,成交额,振幅,涨跌幅,涨跌额,换手率
300945,曼卡龙,2024-01-02,13.84,13.81,13.92,13.78,18409,26084618.0,1.01,0.0,0.0,2.4
300945,曼卡龙,2024-01-03,13.75,13.53,13.8,13.39,22073,30619320.0,2.97,-2.03,-0.28,2.87
300945,曼卡龙,2024-01-04,13.53,13.5,13.59,13.38,13402,18509529.0,1.55,-0.22,-0.03,1.74
300945,曼卡龙,2024-01-05,13.52,13.25,13.65,13.2,19892,27309559.0,3.33,-1.85,-0.25,2.59
300945,曼卡龙,2024-01-08,13.26,12.89,13.26,12.88,17140,22930992.0,2.87,-2.72,-0.36,2.23
300945,曼卡龙,2024-01-09,12.96,13.01,13.18,12.9,20086,26852687.0,2.17,0.93,0.12,2.61
300945,曼卡龙,2024-01-10,13.03,13.12,13.12,12.77,15798,21018104.0,2.69,0.85,0.11,2.06
300945,曼卡龙,2024-01-11,13.03,13.23,13.26,12.92,19102,25676069.0,2.59,0.84,0.11,2.49
300945,曼卡龙,2024-01-12,13.22,13.14,13.43,13.1,17085,23245455.0,2.49,-0.68,-0.09,2.22
300945,曼卡龙,2024-01-15,13.11,13.34,13.41,12.95,19734,26852593.0,3.5,1.52,0.2,2.57
300945,曼卡龙,2024-01-16,13.41,12.96,13.41,12.77,20047,26671207.0,4.8,-2.85,-0.38,2.61
300945,曼卡龙,2024-01-17,12.96,12.81,13.29,12.78,22578,30136769.0,3.94,-1.16,-0.15,2.94
300945,曼卡龙,2024-01-18,12.61,12.48,12.67,12.18,26177,33352321.0,3.83,-2.58,-0.33,3.41
300945,曼卡龙,2024-01-19,12.48,12.41,12.86,12.41,22914,29686756.0,3.61,-0.56,-0.07,2.97
300945,曼卡龙,2024-01-22,12.46,12.01,13.09,11.93,51963,67032822.0,9.35,-3.22,-0.4,6.74
300945,曼卡龙,2024-01-23,11.87,11.78,11.92,11.52,40570,48809799.0,3.33,-1.92,-0.23,5.26
300945,曼卡龙,2024-01-24,11.57,11.11,11.57,10.63,156264,178593147.0,7.98,-5.69,-0.67,11.64
300945,曼卡龙,2024-01-25,11.03,11.46,11.47,10.57,110993,126376912.0,8.1,3.15,0.35,8.26
300945,曼卡龙,2024-01-26,11.28,11.11,11.62,11.07,77642,90591481.0,4.8,-3.05,-0.35,5.78
300945,曼卡龙,2024-01-29,11.13,10.69,11.26,10.63,52158,58052337.0,5.67,-3.78,-0.42,3.88
300945,曼卡龙,2024-01-30,10.7,10.18,10.82,10.18,57996,62518253.0,5.99,-4.77,-0.51,4.32
300945,曼卡龙,2024-01-31,10.18,9.56,10.36,9.52,92500,93861749.0,8.25,-6.09,-0.62,6.89
300945,曼卡龙,2024-02-01,9.54,9.43,9.73,9.33,64839,63940926.0,4.18,-1.36,-0.13,4.83
300945,曼卡龙,2024-02-02,9.43,8.83,9.67,8.48,68873,64590091.0,12.62,-6.36,-0.6,5.13
300945,曼卡龙,2024-02-05,8.82,7.64,8.82,7.45,93626,76967224.0,15.52,-13.48,-1.19,6.97
300945,曼卡龙,2024-02-06,7.6,7.55,7.98,6.81,95738,72714458.0,15.31,-1.18,-0.09,7.13
300945,曼卡龙,2024-02-07,7.56,6.69,7.64,6.48,155289,113644300.0,15.36,-11.39,-0.86,11.56
300945,曼卡龙,2024-02-08,6.8,7.46,7.54,6.36,154094,112069145.0,17.64,11.51,0.77,11.47
300945,曼卡龙,2024-02-19,7.58,8.0,8.1,7.58,144845,119014498.0,6.97,7.24,0.54,6.08
300945,曼卡龙,2024-02-20,8.06,8.11,8.18,7.77,69006,57485567.0,5.13,1.38,0.11,2.9
300945,曼卡龙,2024-02-21,8.09,8.3,8.7,7.98,89756,77902800.0,8.88,2.34,0.19,3.77
300945,曼卡龙,2024-02-22,8.25,8.65,8.65,8.25,76471,67328962.0,4.82,4.22,0.35,3.21
300945,曼卡龙,2024-02-23,8.61,9.02,9.05,8.6,84996,77704659.0,5.2,4.28,0.37,3.57
300945,曼卡龙,2024-02-26,9.06,9.37,9.6,8.84,107490,102726522.0,8.43,3.88,0.35,4.51
300945,曼卡龙,2024-02-27,9.28,9.6,9.6,9.1,72096,70131905.0,5.34,2.45,0.23,3.03
300945,曼卡龙,2024-02-28,9.6,8.48,9.8,8.46,142960,134844423.0,13.96,-11.67,-1.12,6.0
300945,曼卡龙,2024-02-29,8.39,8.88,8.89,8.39,94788,85961475.0,5.9,4.72,0.4,3.98
300945,曼卡龙,2024-03-01,8.98,8.92,9.06,8.78,64380,59395255.0,3.15,0.45,0.04,2.7
300945,曼卡龙,2024-03-04,9.05,9.06,9.25,8.81,77754,72664293.0,4.93,1.57,0.14,3.26
300945,曼卡龙,2024-03-05,9.26,9.22,9.65,8.98,177359,170044471.0,7.4,1.77,0.16,7.45
300945,曼卡龙,2024-03-06,9.11,9.54,9.76,8.88,213514,205174639.0,9.54,3.47,0.32,8.96
300945,曼卡龙,2024-03-07,9.36,10.01,10.1,9.36,280984,284137533.0,7.76,4.93,0.47,11.8
300945,曼卡龙,2024-03-08,9.89,9.62,9.91,9.38,205908,204186583.0,5.29,-3.9,-0.39,8.64
300945,曼卡龙,2024-03-11,9.67,9.48,9.8,9.35,145159,142521729.0,4.68,-1.46,-0.14,6.09
300945,曼卡龙,2024-03-12,9.43,9.49,9.51,9.3,131732,128088457.0,2.22,0.11,0.01,5.53
300945,曼卡龙,2024-03-13,9.44,9.43,9.49,9.22,124179,120144931.0,2.85,-0.63,-0.06,5.21
300945,曼卡龙,2024-03-14,9.4,9.44,9.69,9.31,143748,141391906.0,4.03,0.11,0.01,6.04
300945,曼卡龙,2024-03-15,9.29,9.75,9.88,9.29,213564,213957671.0,6.25,3.28,0.31,8.97
300945,曼卡龙,2024-03-18,9.63,9.76,9.77,9.48,177514,177010474.0,2.97,0.1,0.01,7.45
300945,曼卡龙,2024-03-19,9.69,9.72,9.92,9.69,121053,122255505.0,2.36,-0.41,-0.04,5.08
300945,曼卡龙,2024-03-20,9.72,9.78,9.8,9.62,98770,99166864.0,1.85,0.62,0.06,4.15
300945,曼卡龙,2024-03-21,10.06,9.91,10.17,9.86,178036,183574729.0,3.17,1.33,0.13,7.47
300945,曼卡龙,2024-03-22,9.84,9.55,9.89,9.43,135043,133936156.0,4.64,-3.63,-0.36,5.67
300945,曼卡龙,2024-03-25,9.55,9.25,9.61,9.16,93183,90763021.0,4.71,-3.14,-0.3,3.91
300945,曼卡龙,2024-03-26,9.21,9.13,9.34,8.95,79624,75326911.0,4.22,-1.3,-0.12,3.34
300945,曼卡龙,2024-03-27,9.11,8.83,9.23,8.73,67287,63198065.0,5.48,-3.29,-0.3,2.82
300945,曼卡龙,2024-03-28,8.8,9.06,9.16,8.76,70223,65594232.0,4.53,2.6,0.23,2.95
300945,曼卡龙,2024-03-29,9.23,9.57,9.66,9.22,139579,136560540.0,4.86,5.63,0.51,5.86
300945,曼卡龙,2024-04-01,9.75,9.88,10.07,9.7,147360,149335644.0,3.87,3.24,0.31,6.19
300945,曼卡龙,2024-04-02,9.88,9.97,10.15,9.79,138083,141870217.0,3.64,0.91,0.09,5.8
300945,曼卡龙,2024-04-03,10.5,10.82,11.7,10.5,371179,417025561.0,12.04,8.53,0.85,15.58
300945,曼卡龙,2024-04-08,10.82,11.5,11.97,10.79,404374,473883337.0,10.91,6.28,0.68,16.98
300945,曼卡龙,2024-04-09,10.86,11.5,11.72,10.68,351583,405075649.0,9.04,0.0,0.0,14.76
300945,曼卡龙,2024-04-10,11.18,12.12,12.68,11.13,452639,554727390.0,13.48,5.39,0.62,19.0
300945,曼卡龙,2024-04-11,11.55,11.32,12.14,10.95,346238,413749207.0,9.82,-6.6,-0.8,14.54
300945,曼卡龙,2024-04-12,12.24,13.65,13.65,11.88,481228,631071427.0,15.64,20.58,2.33,20.2
300945,曼卡龙,2024-04-15,11.74,12.32,12.46,11.34,481035,590896146.0,8.21,-9.74,-1.33,20.2
300945,曼卡龙,2024-04-16,11.98,10.61,12.29,10.43,363822,420102954.0,15.1,-13.88,-1.71,15.27
300945,曼卡龙,2024-04-17,10.66,11.16,11.44,10.66,308430,351999051.0,7.35,5.18,0.55,12.95
300945,曼卡龙,2024-04-18,10.75,11.75,12.14,10.16,436364,499782193.0,17.74,5.29,0.59,18.32
300945,曼卡龙,2024-04-19,11.53,12.42,13.23,11.46,515458,653360237.0,15.06,5.7,0.67,21.64
300945,曼卡龙,2024-04-22,11.94,10.88,12.05,10.84,361168,422249331.0,9.74,-12.4,-1.54,15.16
300945,曼卡龙,2024-04-23,10.29,10.09,10.52,10.03,295371,312279898.0,4.5,-7.26,-0.79,12.4
300945,曼卡龙,2024-04-24,10.11,10.34,10.47,9.8,235069,246473191.0,6.64,2.48,0.25,9.87
300945,曼卡龙,2024-04-25,10.18,10.8,11.11,10.06,291739,321502948.0,10.15,4.45,0.46,12.25
300945,曼卡龙,2024-04-26,10.68,10.86,11.19,10.68,249072,279707134.0,4.72,0.56,0.06,10.46
300945,曼卡龙,2024-04-29,10.64,10.9,11.1,10.47,222193,248017515.0,5.8,0.37,0.04,9.33
300945,曼卡龙,2024-04-30,10.9,10.43,11.13,10.41,187823,205568582.0,6.61,-4.31,-0.47,7.89
300945,曼卡龙,2024-05-06,10.31,10.96,10.97,10.31,174550,191827408.0,6.33,5.08,0.53,7.33
300945,曼卡龙,2024-05-07,10.92,11.14,11.27,10.92,206627,236365113.0,3.19,1.64,0.18,8.67
300945,曼卡龙,2024-05-08,11.08,11.4,11.63,10.68,301521,348440230.0,8.53,2.33,0.26,12.66
300945,曼卡龙,2024-05-09,11.1,11.25,11.46,11.09,206814,239525583.0,3.25,-1.32,-0.15,8.68
300945,曼卡龙,2024-05-10,11.58,11.7,12.08,11.33,293835,351407914.0,6.67,4.0,0.45,12.34
300945,曼卡龙,2024-05-13,11.24,10.86,11.44,10.78,188683,215834601.0,5.64,-7.18,-0.84,7.92
300945,曼卡龙,2024-05-14,10.96,11.09,11.23,10.49,175189,196762396.0,6.81,2.12,0.23,7.36
300945,曼卡龙,2024-05-15,11.01,10.83,11.36,10.78,166573,189734220.0,5.23,-2.34,-0.26,6.99
300945,曼卡龙,2024-05-16,11.13,10.8,11.34,10.78,153048,173943322.0,5.17,-0.28,-0.03,6.43
300945,曼卡龙,2024-05-17,10.85,10.59,10.92,10.26,170533,184888872.0,6.11,-1.94,-0.21,7.16
300945,曼卡龙,2024-05-20,11.14,12.08,12.44,11.06,455203,547313795.0,13.03,14.07,1.49,19.11
300945,曼卡龙,2024-05-21,11.88,11.4,12.06,11.2,327843,389274961.0,7.12,-5.63,-0.68,13.76
300945,曼卡龙,2024-05-22,11.45,11.23,11.55,11.21,186602,217807358.0,2.98,-1.49,-0.17,7.83
300945,曼卡龙,2024-05-23,10.81,10.51,10.83,10.46,209847,229385248.0,3.29,-6.41,-0.72,8.81
300945,曼卡龙,2024-05-24,10.33,10.5,10.66,10.09,196787,210498562.0,5.42,-0.1,-0.01,8.26
300945,曼卡龙,2024-05-27,10.38,10.32,10.52,10.16,127300,135328516.0,3.43,-1.71,-0.18,5.34
300945,曼卡龙,2024-05-28,10.41,10.26,10.65,10.21,159421,171697848.0,4.26,-0.58,-0.06,6.69
300945,曼卡龙,2024-05-29,10.13,10.07,10.47,9.98,138708,145990848.0,4.78,-1.85,-0.19,5.82
300945,曼卡龙,2024-05-30,9.9,9.58,9.95,9.58,163064,163541331.0,3.67,-4.87,-0.49,6.85
300945,曼卡龙,2024-05-31,9.63,9.7,9.72,9.52,88960,88560439.0,2.09,1.25,0.12,3.73
300945,曼卡龙,2024-06-03,9.63,9.38,9.67,9.26,98624,96420668.0,4.23,-3.3,-0.32,4.14
300945,曼卡龙,2024-06-04,9.37,9.39,9.46,9.18,80694,77650405.0,2.99,0.11,0.01,3.39
300945,曼卡龙,2024-06-05,9.26,9.07,9.27,9.07,70783,67128881.0,2.13,-3.41,-0.32,2.97
300945,曼卡龙,2024-06-06,9.36,8.88,9.5,8.88,134564,128629214.0,6.84,-2.09,-0.19,5.65
300945,曼卡龙,2024-06-07,9.03,9.23,9.36,8.91,116572,109985396.0,5.07,3.94,0.35,4.89
300945,曼卡龙,2024-06-11,8.76,8.91,8.94,8.66,101268,92474471.0,3.03,-3.47,-0.32,4.25
300945,曼卡龙,2024-06-12,8.95,9.04,9.06,8.86,67894,63220076.0,2.24,1.46,0.13,2.85
300945,曼卡龙,2024-06-13,9.01,8.85,9.04,8.81,69867,64380750.0,2.54,-2.1,-0.19,2.93
300945,曼卡龙,2024-06-14,8.85,8.89,8.91,8.72,53917,49386823.0,2.15,0.45,0.04,2.26
300945,曼卡龙,2024-06-17,8.88,8.68,8.93,8.67,66640,60581838.0,2.92,-2.36,-0.21,2.8
300945,曼卡龙,2024-06-18,8.76,8.89,8.9,8.68,64680,59161182.0,2.53,2.42,0.21,2.72
300945,曼卡龙,2024-06-19,8.88,9.14,9.18,8.84,115582,108752815.0,3.82,2.81,0.25,4.85
300945,曼卡龙,2024-06-20,9.08,8.84,9.15,8.81,84781,78711387.0,3.72,-3.28,-0.3,3.56
300945,曼卡龙,2024-06-21,8.95,9.25,9.44,8.95,141082,134128095.0,5.54,4.64,0.41,5.92
300945,曼卡龙,2024-06-24,8.92,8.6,8.98,8.48,113736,102944161.0,5.41,-7.03,-0.65,4.78
300945,曼卡龙,2024-06-25,8.41,8.55,8.68,8.41,65349,57146780.0,3.14,-0.58,-0.05,2.74
300945,曼卡龙,2024-06-26,8.45,8.7,8.74,8.25,61995,54037094.0,5.73,1.75,0.15,2.6
300945,曼卡龙,2024-06-27,8.68,8.54,8.78,8.53,54050,47875769.0,2.87,-1.84,-0.16,2.27
300945,曼卡龙,2024-06-28,8.6,8.71,8.88,8.59,66549,59319885.0,3.4,1.99,0.17,2.79
300945,曼卡龙,2024-07-01,8.61,8.8,8.87,8.61,55632,49901567.0,2.99,1.03,0.09,2.34
300945,曼卡龙,2024-07-02,8.82,8.76,8.98,8.71,53107,48021240.0,3.07,-0.45,-0.04,2.23
300945,曼卡龙,2024-07-03,8.76,8.96,9.1,8.68,93126,84885897.0,4.79,2.28,0.2,3.91
300945,曼卡龙,2024-07-04,9.0,8.66,9.14,8.66,90510,82525677.0,5.36,-3.35,-0.3,3.8
300945,曼卡龙,2024-07-05,8.5,8.82,8.95,8.34,84574,75081555.0,7.04,1.85,0.16,3.55
300945,曼卡龙,2024-07-08,8.94,8.53,9.01,8.48,75894,67896329.0,6.01,-3.29,-0.29,3.19
300945,曼卡龙,2024-07-09,8.51,8.58,8.59,8.16,74519,64050250.0,5.04,0.59,0.05,3.13
300945,曼卡龙,2024-07-10,8.52,8.43,8.69,8.39,57572,50228497.0,3.5,-1.75,-0.15,2.42
300945,曼卡龙,2024-07-11,8.6,8.86,8.9,8.58,98931,88813277.0,3.8,5.1,0.43,4.15
300945,曼卡龙,2024-07-12,9.25,8.89,9.43,8.89,129353,119789993.0,6.09,0.34,0.03,5.43
300945,曼卡龙,2024-07-15,8.77,8.89,9.17,8.7,99846,91030755.0,5.29,0.0,0.0,4.19
300945,曼卡龙,2024-07-16,8.81,9.15,9.3,8.75,157767,146906393.0,6.19,2.92,0.26,6.62
300945,曼卡龙,2024-07-17,9.5,9.18,9.69,9.02,176947,168993434.0,7.32,0.33,0.03,7.43
300945,曼卡龙,2024-07-18,8.82,8.92,8.97,8.6,130859,117804711.0,4.03,-2.83,-0.26,5.49
300945,曼卡龙,2024-07-19,8.54,8.58,8.67,8.44,98573,86500864.0,2.58,-3.81,-0.34,4.14
300945,曼卡龙,2024-07-22,8.53,8.57,8.62,8.43,56370,49237484.0,2.21,-0.12,-0.01,2.37
300945,曼卡龙,2024-07-23,8.61,8.27,8.65,8.2,62910,54354301.0,5.25,-3.5,-0.3,2.64
300945,曼卡龙,2024-07-24,8.28,7.99,8.35,7.98,67600,56179528.0,4.47,-3.39,-0.28,2.84
300945,曼卡龙,2024-07-25,7.85,7.92,8.11,7.78,62151,50457770.0,4.13,-0.88,-0.07,2.61
300945,曼卡龙,2024-07-26,7.92,8.11,8.14,7.92,46290,38336894.0,2.78,2.4,0.19,1.94
300945,曼卡龙,2024-07-29,8.16,8.11,8.2,8.02,33652,27996007.0,2.22,0.0,0.0,1.41
300945,曼卡龙,2024-07-30,8.06,8.17,8.21,8.03,32058,26771641.0,2.22,0.74,0.06,1.35
300945,曼卡龙,2024-07-31,8.2,8.45,8.46,8.16,60857,51974110.0,3.67,3.43,0.28,2.55
300945,曼卡龙,2024-08-01,8.54,8.44,8.57,8.39,59362,51491719.0,2.13,-0.12,-0.01,2.49
300945,曼卡龙,2024-08-02,8.43,8.91,9.28,8.38,173127,156185696.0,10.66,5.57,0.47,7.27
300945,曼卡龙,2024-08-05,8.68,9.3,9.77,8.56,294421,277991171.0,13.58,4.38,0.39,12.36
300945,曼卡龙,2024-08-06,8.94,9.13,9.19,8.9,196563,181028962.0,3.12,-1.83,-0.17,8.25
300945,曼卡龙,2024-08-07,9.03,8.87,9.04,8.84,132045,120253213.0,2.19,-2.85,-0.26,5.54
300945,曼卡龙,2024-08-08,8.85,8.8,8.92,8.59,107057,95608694.0,3.72,-0.79,-0.07,4.49
300945,曼卡龙,2024-08-09,8.89,8.71,9.03,8.68,130668,118605172.0,3.98,-1.02,-0.09,5.49
300945,曼卡龙,2024-08-12,8.56,8.67,8.88,8.31,125516,109607744.0,6.54,-0.46,-0.04,5.27
300945,曼卡龙,2024-08-13,8.88,8.81,9.08,8.72,135610,123185679.0,4.15,1.61,0.14,5.69
300945,曼卡龙,2024-08-14,8.75,8.73,8.84,8.66,92202,82299953.0,2.04,-0.91,-0.08,3.87
300945,曼卡龙,2024-08-15,8.55,8.65,8.74,8.46,79298,69847255.0,3.21,-0.92,-0.08,3.33
300945,曼卡龙,2024-08-16,8.91,8.48,9.03,8.47,111362,99645192.0,6.47,-1.97,-0.17,4.67
300945,曼卡龙,2024-08-19,8.64,8.92,9.23,8.64,200161,182674826.0,6.96,5.19,0.44,8.4
300945,曼卡龙,2024-08-20,8.8,8.46,8.99,8.46,141693,125166640.0,5.94,-5.16,-0.46,5.95
300945,曼卡龙,2024-08-21,8.52,8.29,8.6,8.29,88891,76597755.0,3.66,-2.01,-0.17,3.73
300945,曼卡龙,2024-08-22,8.21,7.96,8.29,7.92,91739,75854028.0,4.46,-3.98,-0.33,3.85
300945,曼卡龙,2024-08-23,7.92,7.93,8.0,7.8,48384,39154995.0,2.51,-0.38,-0.03,2.03
300945,曼卡龙,2024-08-26,8.1,8.0,8.15,7.95,45296,37214058.0,2.52,0.88,0.07,1.9
300945,曼卡龙,2024-08-27,7.93,7.85,7.98,7.82,44422,35933523.0,2.0,-1.88,-0.15,1.86
300945,曼卡龙,2024-08-28,7.88,8.06,8.18,7.86,54523,44862805.0,4.08,2.68,0.21,2.29
300945,曼卡龙,2024-08-29,8.02,8.13,8.17,7.91,55172,45575801.0,3.23,0.87,0.07,2.32
300945,曼卡龙,2024-08-30,8.06,8.27,8.45,8.06,84275,71476606.0,4.8,1.72,0.14,3.54
300945,曼卡龙,2024-09-02,8.24,8.07,8.32,8.07,48500,40616742.0,3.02,-2.42,-0.2,2.04
300945,曼卡龙,2024-09-03,8.1,8.11,8.23,8.05,37309,31069375.0,2.23,0.5,0.04,1.57
300945,曼卡龙,2024-09-04,8.05,8.04,8.22,7.96,38590,31883558.0,3.21,-0.86,-0.07,1.62
300945,曼卡龙,2024-09-05,8.05,8.11,8.14,8.04,39767,32970009.0,1.24,0.87,0.07,1.67
300945,曼卡龙,2024-09-06,8.08,7.98,8.18,7.95,54474,44965302.0,2.84,-1.6,-0.13,2.29
300945,曼卡龙,2024-09-09,7.9,7.94,8.0,7.77,36564,29595397.0,2.88,-0.5,-0.04,1.53
300945,曼卡龙,2024-09-10,7.94,7.96,8.0,7.78,35943,29132684.0,2.77,0.25,0.02,1.51
300945,曼卡龙,2024-09-11,7.98,8.0,8.04,7.92,33191,27145954.0,1.51,0.5,0.04,1.39
300945,曼卡龙,2024-09-12,8.01,7.83,8.05,7.82,44116,35817461.0,2.88,-2.13,-0.17,1.85
300945,曼卡龙,2024-09-13,8.1,7.91,8.21,7.9,100877,83633537.0,3.96,1.02,0.08,4.23
300945,曼卡龙,2024-09-18,7.69,7.61,7.88,7.44,81293,63534009.0,5.56,-3.79,-0.3,3.41
300945,曼卡龙,2024-09-19,7.63,7.9,7.93,7.45,81939,65176317.0,6.31,3.81,0.29,3.44
300945,曼卡龙,2024-09-20,7.86,8.01,8.01,7.77,73294,59472848.0,3.04,1.39,0.11,3.08
300945,曼卡龙,2024-09-23,7.95,8.0,8.17,7.91,60823,50031548.0,3.25,-0.12,-0.01,2.55
300945,曼卡龙,2024-09-24,8.06,8.18,8.18,7.95,87505,72580568.0,2.88,2.25,0.18,3.67
300945,曼卡龙,2024-09-25,8.28,8.24,8.49,8.22,122199,104497651.0,3.3,0.73,0.06,5.13
300945,曼卡龙,2024-09-26,8.21,8.48,8.48,8.19,89761,76798011.0,3.52,2.91,0.24,3.77
300945,曼卡龙,2024-09-27,8.6,8.89,9.03,8.52,138767,124313839.0,6.01,4.83,0.41,5.83
300945,曼卡龙,2024-09-30,9.15,10.12,10.26,8.99,274000,268914215.0,14.29,13.84,1.23,11.5
300945,曼卡龙,2024-10-08,11.5,11.15,11.9,10.25,325819,366421274.0,16.3,10.18,1.03,13.68
300945,曼卡龙,2024-10-09,10.57,9.5,10.67,9.47,211804,217515603.0,10.76,-14.8,-1.65,8.89
300945,曼卡龙,2024-10-10,9.65,9.69,9.98,9.43,149734,149266388.0,5.79,2.0,0.19,6.29
300945,曼卡龙,2024-10-11,9.87,9.82,10.4,9.56,229803,234212015.0,8.67,1.34,0.13,9.65
300945,曼卡龙,2024-10-14,9.4,9.84,9.86,9.4,177673,175093219.0,4.68,0.2,0.02,7.46
300945,曼卡龙,2024-10-15,9.7,10.02,10.27,9.53,221349,222787608.0,7.52,1.83,0.18,9.29
300945,曼卡龙,2024-10-16,9.8,10.42,10.85,9.74,307726,322508543.0,11.08,3.99,0.4,12.92
300945,曼卡龙,2024-10-17,10.28,10.28,10.37,10.04,213543,221448952.0,3.17,-1.34,-0.14,8.96
300945,曼卡龙,2024-10-18,10.41,10.45,10.7,10.2,238530,254265039.0,4.86,1.65,0.17,10.01
300945,曼卡龙,2024-10-21,10.54,10.54,10.75,10.33,228354,245182034.0,4.02,0.86,0.09,9.59
300945,曼卡龙,2024-10-22,10.36,10.66,11.04,10.2,234135,252241422.0,7.97,1.14,0.12,9.83
300945,曼卡龙,2024-10-23,10.7,10.31,10.78,10.31,179714,192497271.0,4.41,-3.28,-0.35,7.54
300945,曼卡龙,2024-10-24,10.1,10.05,10.16,9.95,136615,139852272.0,2.04,-2.52,-0.26,5.74
300945,曼卡龙,2024-10-25,10.13,10.13,10.21,10.0,103872,107221924.0,2.09,0.8,0.08,4.36
300945,曼卡龙,2024-10-28,10.13,10.25,10.29,10.13,83069,86510021.0,1.58,1.18,0.12,3.49
300945,曼卡龙,2024-10-29,10.25,10.02,10.4,9.97,105371,109351395.0,4.2,-2.24,-0.23,4.42
300945,曼卡龙,2024-10-30,10.17,10.13,10.45,10.02,154927,161983710.0,4.29,1.1,0.11,6.5
300945,曼卡龙,2024-10-31,10.07,9.93,10.13,9.86,129376,131604930.0,2.67,-1.97,-0.2,5.43
300945,曼卡龙,2024-11-01,9.9,9.73,10.15,9.65,134455,135402350.0,5.04,-2.01,-0.2,5.64
300945,曼卡龙,2024-11-04,9.7,9.94,9.94,9.53,76140,76088130.0,4.21,2.16,0.21,3.2
300945,曼卡龙,2024-11-05,9.93,10.1,10.13,9.86,108836,111293985.0,2.72,1.61,0.16,4.57
300945,曼卡龙,2024-11-06,10.11,10.08,10.33,10.02,114425,118747351.0,3.07,-0.2,-0.02,4.8
300945,曼卡龙,2024-11-07,10.0,10.36,10.43,9.89,141201,147583058.0,5.36,2.78,0.28,5.93
300945,曼卡龙,2024-11-08,10.4,10.22,10.5,10.18,107100,112542402.0,3.09,-1.35,-0.14,4.5
300945,曼卡龙,2024-11-11,10.21,10.34,10.34,10.05,93035,96812370.0,2.84,1.17,0.12,3.91
300945,曼卡龙,2024-11-12,10.35,10.3,10.53,10.18,125419,132947657.0,3.38,-0.39,-0.04,5.27
300945,曼卡龙,2024-11-13,10.27,10.33,10.48,10.05,92351,96654380.0,4.17,0.29,0.03,3.88
300945,曼卡龙,2024-11-14,10.26,9.92,10.32,9.89,70014,72009596.0,4.16,-3.97,-0.41,2.94
300945,曼卡龙,2024-11-15,9.88,9.73,10.06,9.7,70810,71482115.0,3.63,-1.92,-0.19,2.97
300945,曼卡龙,2024-11-18,9.8,9.5,9.87,9.41,78111,76453067.0,4.73,-2.36,-0.23,3.28
300945,曼卡龙,2024-11-19,9.53,9.77,9.77,9.48,61581,60335410.0,3.05,2.84,0.27,2.59
300945,曼卡龙,2024-11-20,9.77,9.9,9.96,9.71,61594,61945595.0,2.56,1.33,0.13,2.59
300945,曼卡龙,2024-11-21,9.89,10.09,10.15,9.82,92036,93771588.0,3.33,1.92,0.19,3.86
300945,曼卡龙,2024-11-22,10.15,9.74,10.28,9.74,103805,105660489.0,5.35,-3.47,-0.35,4.36
300945,曼卡龙,2024-11-25,9.81,9.98,10.07,9.77,75678,76558202.0,3.08,2.46,0.24,3.18
300945,曼卡龙,2024-11-26,9.93,10.0,10.18,9.92,78683,80571119.0,2.61,0.2,0.02,3.3
300945,曼卡龙,2024-11-27,10.14,10.65,10.65,9.68,212976,222886908.0,9.7,6.5,0.65,8.94
300945,曼卡龙,2024-11-28,10.78,10.68,11.2,10.66,295748,329099841.0,5.07,0.28,0.03,12.42
300945,曼卡龙,2024-11-29,10.68,10.9,11.08,10.62,192266,213228385.0,4.31,2.06,0.22,8.07
300945,曼卡龙,2024-12-02,11.1,13.12,13.12,10.99,327614,419605858.0,19.54,20.37,2.22,13.75
300945,曼卡龙,2024-12-03,13.81,12.71,14.42,12.62,706188,980125614.0,13.72,-3.13,-0.41,29.65
300945,曼卡龙,2024-12-04,12.72,13.01,13.6,12.19,477436,629917355.0,11.09,2.36,0.3,20.04
300945,曼卡龙,2024-12-05,12.45,12.77,13.34,12.1,379847,489906594.0,9.53,-1.84,-0.24,15.95
300945,曼卡龙,2024-12-06,12.64,12.08,12.7,11.93,319145,395026023.0,6.03,-5.4,-0.69,13.4
300945,曼卡龙,2024-12-09,12.15,12.2,12.52,12.06,229770,286290988.0,3.81,0.99,0.12,9.65
300945,曼卡龙,2024-12-10,12.74,12.25,12.91,12.21,239054,302382851.0,5.74,0.41,0.05,10.04
300945,曼卡龙,2024-12-11,12.22,12.55,12.59,12.17,180367,228217975.0,3.43,2.45,0.3,7.57
300945,曼卡龙,2024-12-12,12.5,12.74,12.95,12.39,224642,289210951.0,4.46,1.51,0.19,9.43
300945,曼卡龙,2024-12-13,12.6,12.46,12.89,12.43,201308,258088092.0,3.61,-2.2,-0.28,8.45
300945,曼卡龙,2024-12-16,12.67,12.94,13.05,12.5,245881,319940001.0,4.41,3.85,0.48,10.32
300945,曼卡龙,2024-12-17,12.8,11.83,12.82,11.7,216738,264805947.0,8.66,-8.58,-1.11,9.1
300945,曼卡龙,2024-12-18,11.83,11.66,11.94,11.41,133319,158289779.0,4.48,-1.44,-0.17,5.6
300945,曼卡龙,2024-12-19,11.46,11.76,11.92,11.39,104603,124029087.0,4.55,0.86,0.1,4.39
300945,曼卡龙,2024-12-20,11.76,11.83,12.16,11.58,96274,116469473.0,4.93,0.6,0.07,4.04
300945,曼卡龙,2024-12-23,11.8,12.09,12.83,11.4,283131,353267935.0,12.09,2.2,0.26,11.89
300945,曼卡龙,2024-12-24,11.66,11.81,12.04,11.3,236815,278640708.0,6.12,-2.32,-0.28,9.94
300945,曼卡龙,2024-12-25,11.48,11.03,11.6,10.97,160173,181683413.0,5.33,-6.6,-0.78,6.72
300945,曼卡龙,2024-12-26,11.03,11.28,11.4,11.0,106432,122091137.0,3.63,2.27,0.25,4.47
300945,曼卡龙,2024-12-27,11.29,11.17,11.35,11.11,83964,96046240.0,2.13,-0.98,-0.11,3.52
300945,曼卡龙,2024-12-30,11.06,10.85,11.1,10.72,80361,88927466.0,3.4,-2.86,-0.32,3.37
300945,曼卡龙,2024-12-31,10.98,11.29,11.63,10.91,236413,273715991.0,6.64,4.06,0.44,9.92
300945,曼卡龙,2025-01-02,11.01,12.41,12.8,11.01,360649,443259233.0,15.85,9.92,1.12,15.14
300945,曼卡龙,2025-01-03,12.03,11.87,12.36,11.63,229389,276287465.0,5.88,-4.35,-0.54,9.63
300945,曼卡龙,2025-01-06,11.6,11.44,11.77,10.9,167112,193829781.0,7.33,-3.62,-0.43,7.02
300945,曼卡龙,2025-01-07,11.45,12.26,12.27,11.34,259894,314693454.0,8.13,7.17,0.82,10.91
300945,曼卡龙,2025-01-08,12.06,12.65,12.8,11.88,350999,444419677.0,7.5,3.18,0.39,14.73
300945,曼卡龙,2025-01-09,12.33,12.39,12.72,12.14,209273,263526120.0,4.58,-2.06,-0.26,8.79
300945,曼卡龙,2025-01-10,12.47,11.49,12.49,11.46,207278,251411106.0,8.31,-7.26,-0.9,8.7
300945,曼卡龙,2025-01-13,11.1,10.98,11.2,10.37,171873,189468729.0,7.22,-4.44,-0.51,7.22
300945,曼卡龙,2025-01-14,11.12,11.86,11.86,10.95,194968,227460875.0,8.29,8.01,0.88,8.18
300945,曼卡龙,2025-01-15,11.95,12.23,12.53,11.9,243169,302369602.0,5.31,3.12,0.37,10.21
300945,曼卡龙,2025-01-16,12.45,12.12,12.58,11.98,212277,265150990.0,4.91,-0.9,-0.11,8.91
300945,曼卡龙,2025-01-17,12.3,12.01,12.42,11.91,149022,183556912.0,4.21,-0.91,-0.11,6.26
300945,曼卡龙,2025-01-20,12.09,12.13,12.32,11.7,155584,190928085.0,5.16,1.0,0.12,6.53
300945,曼卡龙,2025-01-21,11.98,11.8,12.16,11.6,126676,151848861.0,4.62,-2.72,-0.33,5.32
300945,曼卡龙,2025-01-22,11.8,11.36,11.8,11.28,124783,145865099.0,4.41,-3.73,-0.44,5.24
300945,曼卡龙,2025-01-23,11.72,11.2,11.96,11.2,147042,173042476.0,6.69,-1.41,-0.16,6.17
300945,曼卡龙,2025-01-24,11.23,11.38,11.44,10.92,113585,129641571.0,4.64,1.61,0.18,4.77
300945,曼卡龙,2025-01-27,11.42,10.65,11.44,10.63,132498,147976293.0,7.12,-6.41,-0.73,5.56
300945,曼卡龙,2025-02-05,10.88,10.89,11.06,10.73,92883,102794310.0,3.1,2.25,0.24,3.9
300945,曼卡龙,2025-02-06,10.86,10.98,11.0,10.69,109620,121270460.0,2.85,0.83,0.09,4.6
300945,曼卡龙,2025-02-07,10.92,11.01,11.15,10.83,143489,160955242.0,2.91,0.27,0.03,6.02
300945,曼卡龙,2025-02-10,10.96,11.25,11.26,10.95,116776,131840701.0,2.82,2.18,0.24,4.9
300945,曼卡龙,2025-02-11,11.5,12.16,12.25,11.49,393081,475903275.0,6.76,8.09,0.91,16.5
300945,曼卡龙,2025-02-12,11.7,12.04,12.16,11.43,285830,344362301.0,6.0,-0.99,-0.12,12.0
300945,曼卡龙,2025-02-13,12.02,11.73,12.04,11.57,162259,193710212.0,3.9,-2.57,-0.31,6.81
300945,曼卡龙,2025-02-14,11.76,11.7,11.9,11.56,177289,212075112.0,2.9,-0.26,-0.03,7.44
300945,曼卡龙,2025-02-17,11.44,11.61,11.77,11.31,132885,156223392.0,3.93,-0.77,-0.09,5.58
300945,曼卡龙,2025-02-18,11.6,11.05,11.61,10.98,150926,172897087.0,5.43,-4.82,-0.56,6.34
300945,曼卡龙,2025-02-19,11.13,11.36,11.5,11.08,92944,106926270.0,3.8,2.81,0.31,3.9
300945,曼卡龙,2025-02-20,11.32,11.61,11.66,11.28,122241,142916409.0,3.35,2.2,0.25,5.13
300945,曼卡龙,2025-02-21,11.61,11.37,11.75,11.34,127632,148723111.0,3.53,-2.07,-0.24,5.36
300945,曼卡龙,2025-02-24,11.3,11.28,11.43,11.16,75899,87107176.0,2.37,-0.79,-0.09,3.19
300945,曼卡龙,2025-02-25,11.22,11.2,11.39,11.11,71864,82356902.0,2.48,-0.71,-0.08,3.02
300945,曼卡龙,2025-02-26,11.2,11.07,11.33,10.93,113038,127551145.0,3.57,-1.16,-0.13,4.75
300945,曼卡龙,2025-02-27,11.03,11.21,11.4,10.82,160050,180990123.0,5.24,1.26,0.14,6.72
300945,曼卡龙,2025-02-28,11.1,10.83,11.12,10.73,95000,105614368.0,3.48,-3.39,-0.38,3.99
300945,曼卡龙,2025-03-03,10.83,10.76,11.03,10.69,71020,78605956.0,3.14,-0.65,-0.07,2.98
300945,曼卡龙,2025-03-04,10.83,10.86,10.88,10.71,49827,54783819.0,1.58,0.93,0.1,2.09
300945,曼卡龙,2025-03-05,10.83,10.86,10.89,10.68,63823,70202615.0,1.93,0.0,0.0,2.68
300945,曼卡龙,2025-03-06,10.89,11.17,11.19,10.78,124184,139637594.0,3.78,2.85,0.31,5.21
300945,曼卡龙,2025-03-07,11.12,10.96,11.34,10.89,101377,114690695.0,4.03,-1.88,-0.21,4.25
300945,曼卡龙,2025-03-10,11.02,11.31,11.43,10.95,176364,202253268.0,4.38,3.19,0.35,7.4
300945,曼卡龙,2025-03-11,11.13,11.68,12.15,11.0,301423,354501820.0,10.17,3.27,0.37,12.65
300945,曼卡龙,2025-03-12,11.86,12.25,12.46,11.76,387492,476187067.0,5.99,4.88,0.57,16.26
300945,曼卡龙,2025-03-13,12.18,12.52,13.3,12.15,462289,593405939.0,9.39,2.2,0.27,19.4
300945,曼卡龙,2025-03-14,12.9,12.32,13.24,12.05,340802,429515100.0,9.5,-1.6,-0.2,14.3
300945,曼卡龙,2025-03-17,12.11,12.08,12.45,11.98,226279,279124909.0,3.81,-1.95,-0.24,9.49
300945,曼卡龙,2025-03-18,12.05,12.42,12.68,11.94,274110,344761071.0,6.13,2.81,0.34,11.5
300945,曼卡龙,2025-03-19,12.33,12.77,13.32,12.24,360563,464386198.0,8.7,2.82,0.35,15.13
300945,曼卡龙,2025-03-20,12.73,12.38,13.02,12.33,262699,335389400.0,5.4,-3.05,-0.39,11.02
300945,曼卡龙,2025-03-21,12.38,11.89,12.38,11.8,154259,188368313.0,4.68,-3.96,-0.49,6.47
300945,曼卡龙,2025-03-24,11.85,11.57,11.91,11.26,121825,142822351.0,5.47,-2.69,-0.32,5.11
300945,曼卡龙,2025-03-25,11.58,11.49,11.74,11.37,99420,116572115.0,3.2,-0.69,-0.08,4.17
300945,曼卡龙,2025-03-26,11.57,11.63,11.78,11.44,79888,94597070.0,2.96,1.22,0.14,3.35
300945,曼卡龙,2025-03-27,11.51,11.79,11.96,11.32,129417,154120074.0,5.5,1.38,0.16,5.43
300945,曼卡龙,2025-03-28,12.22,11.95,12.4,11.58,199599,242510908.0,6.96,1.36,0.16,8.37
300945,曼卡龙,2025-03-31,11.45,11.77,12.2,11.4,164766,198206080.0,6.69,-1.51,-0.18,6.91
300945,曼卡龙,2025-04-01,11.83,12.3,12.37,11.72,235290,290773823.0,5.52,4.5,0.53,9.87
300945,曼卡龙,2025-04-02,12.39,12.42,12.78,12.1,214497,271358222.0,5.53,0.98,0.12,9.0
300945,曼卡龙,2025-04-03,12.5,12.25,12.86,12.2,213149,269756892.0,5.31,-1.37,-0.17,8.94
300945,曼卡龙,2025-04-07,10.88,10.46,11.33,10.05,197304,216409650.0,10.45,-14.61,-1.79,8.28
300945,曼卡龙,2025-04-08,10.4,10.8,10.96,10.2,150063,163070902.0,7.27,3.25,0.34,6.3
300945,曼卡龙,2025-04-09,10.5,11.32,11.56,9.74,156971,172219691.0,16.85,4.81,0.52,6.59
300945,曼卡龙,2025-04-10,11.57,11.96,12.16,11.48,146504,177517678.0,6.01,5.65,0.64,6.15
300945,曼卡龙,2025-04-11,12.28,12.15,12.65,12.12,196565,246982107.0,4.43,1.59,0.19,8.25
300945,曼卡龙,2025-04-14,12.23,12.38,12.53,11.98,146416,183315383.0,4.53,1.89,0.23,6.14
300945,曼卡龙,2025-04-15,12.33,12.46,12.64,12.27,131694,166672065.0,2.99,0.65,0.08,5.53
300945,曼卡龙,2025-04-16,12.59,12.42,12.71,11.99,118907,148958944.0,5.78,-0.32,-0.04,4.99
300945,曼卡龙,2025-04-17,13.0,12.46,13.28,12.43,230061,297845034.0,6.84,0.32,0.04,9.65
300945,曼卡龙,2025-04-18,12.46,12.0,12.65,11.9,141061,173757620.0,6.02,-3.69,-0.46,5.92
300945,曼卡龙,2025-04-21,12.13,12.91,13.21,12.13,245716,317783318.0,9.0,7.58,0.91,10.31
300945,曼卡龙,2025-04-22,13.01,13.07,13.8,12.62,303012,403725529.0,9.14,1.24,0.16,12.71
300945,曼卡龙,2025-04-23,12.43,12.58,13.34,12.43,246151,319991849.0,6.96,-3.75,-0.49,10.33
300945,曼卡龙,2025-04-24,12.71,12.07,12.72,12.05,126638,157693023.0,5.33,-4.05,-0.51,5.31
300945,曼卡龙,2025-04-25,12.09,12.05,12.23,11.86,93858,115036893.0,3.07,-0.17,-0.02,3.94
300945,曼卡龙,2025-04-28,12.55,13.9,14.4,12.45,438703,592230186.0,16.18,15.35,1.85,18.41
300945,曼卡龙,2025-04-29,14.01,14.35,14.91,13.73,420604,614286143.0,8.49,3.24,0.45,17.65
300945,曼卡龙,2025-04-30,14.56,14.18,14.68,14.13,247809,360901710.0,3.83,-1.18,-0.17,10.4
300945,曼卡龙,2025-05-06,14.3,14.74,14.79,14.13,242376,356139780.0,4.65,3.95,0.56,10.17
300945,曼卡龙,2025-05-07,14.7,14.44,15.09,14.3,205843,306404398.0,5.36,-2.04,-0.3,8.64
300945,曼卡龙,2025-05-08,14.49,14.26,14.56,14.1,143017,207951835.0,3.19,-1.25,-0.18,6.0
300945,曼卡龙,2025-05-09,14.24,15.04,15.24,14.16,249437,374035896.0,7.57,5.47,0.78,10.47
300945,曼卡龙,2025-05-12,14.49,14.95,15.04,14.27,194815,289854192.0,5.12,-0.6,-0.09,8.17
300945,曼卡龙,2025-05-13,14.81,15.41,15.55,14.45,214054,326448070.0,7.36,3.08,0.46,8.98
300945,曼卡龙,2025-05-14,15.24,15.12,15.43,14.88,140866,215434243.0,3.57,-1.88,-0.29,5.91
300945,曼卡龙,2025-05-15,14.84,15.0,15.11,14.41,120931,180592013.0,4.63,-0.79,-0.12,5.07
300945,曼卡龙,2025-05-16,14.77,16.3,16.87,14.77,239001,390866558.0,14.0,8.67,1.3,10.03
300945,曼卡龙,2025-05-19,16.3,16.6,16.68,15.91,170372,280644807.0,4.72,1.84,0.3,7.15
300945,曼卡龙,2025-05-20,16.47,19.96,19.96,16.42,297172,556143039.0,21.33,20.24,3.36,12.47
300945,曼卡龙,2025-05-21,21.06,21.88,22.87,18.76,518860,1071361869.0,20.59,9.62,1.92,21.77
300945,曼卡龙,2025-05-22,20.42,20.26,21.68,20.08,378026,792011374.0,7.31,-7.4,-1.62,15.86
300945,曼卡龙,2025-05-23,19.78,20.85,21.68,19.5,385093,798703963.0,10.76,2.91,0.59,16.16
300945,曼卡龙,2025-05-26,20.63,21.66,22.68,20.22,440201,950952807.0,11.8,3.88,0.81,18.47
300945,曼卡龙,2025-05-27,21.31,21.93,24.57,20.78,538100,1216516535.0,17.5,1.25,0.27,22.58
300945,曼卡龙,2025-05-28,20.62,23.02,23.8,19.9,495208,1076343240.0,17.78,4.97,1.09,20.78
300945,曼卡龙,2025-05-29,21.7,21.72,22.87,21.23,327513,724661644.0,7.12,-5.65,-1.3,13.74
300945,曼卡龙,2025-05-30,21.92,20.72,22.75,20.46,274982,607597316.0,10.54,-4.6,-1.0,11.54
300945,曼卡龙,2025-06-03,21.33,24.9,24.9,20.72,466120,1078054464.0,20.17,20.17,4.18,19.56
300945,曼卡龙,2025-06-04,25.36,29.17,29.92,25.36,630618,1785780984.0,18.31,17.15,4.27,26.46
300945,曼卡龙,2025-06-05,28.0,24.85,28.45,24.31,614304,1626695093.0,14.19,-14.81,-4.32,25.78
300945,曼卡龙,2025-06-06,24.92,22.95,25.07,22.83,516967,1222628344.0,9.01,-7.65,-1.9,21.69
300945,曼卡龙,2025-06-09,22.73,23.94,24.0,22.2,457525,1074881185.0,7.84,4.31,0.99,19.2
300945,曼卡龙,2025-06-10,23.34,26.18,26.38,23.11,587826,1458254527.0,13.66,9.36,2.24,24.66
300945,曼卡龙,2025-06-11,25.16,25.45,27.48,24.91,500986,1314366966.0,9.82,-2.79,-0.73,21.02
300945,曼卡龙,2025-06-12,26.0,26.65,28.0,24.98,550851,1460447844.0,11.87,4.72,1.2,23.11
300945,曼卡龙,2025-06-13,27.87,26.31,28.57,26.1,489537,1346867552.0,9.27,-1.28,-0.34,20.54
300945,曼卡龙,2025-06-16,26.19,25.67,27.25,24.57,375698,981735417.0,10.19,-2.43,-0.64,15.76
300945,曼卡龙,2025-06-17,24.97,23.91,25.28,23.68,364924,890820933.0,6.23,-6.86,-1.76,15.31
300945,曼卡龙,2025-06-18,23.28,22.85,23.44,22.58,309126,712972133.0,3.6,-4.43,-1.06,12.97
300945,曼卡龙,2025-06-19,22.55,21.74,22.76,21.53,277349,617217718.0,5.38,-4.86,-1.11,11.64
300945,曼卡龙,2025-06-20,21.55,21.32,22.05,21.13,183788,398417736.0,4.23,-1.93,-0.42,7.71
300945,曼卡龙,2025-06-23,21.14,21.95,22.25,21.14,312831,688191899.0,5.21,2.95,0.63,13.13
300945,曼卡龙,2025-06-24,21.5,21.41,22.2,21.14,279923,610166627.0,4.83,-2.46,-0.54,11.75
300945,曼卡龙,2025-06-25,21.41,21.02,21.58,20.88,198011,421826034.0,3.27,-1.82,-0.39,8.31
300945,曼卡龙,2025-06-26,20.91,20.94,21.34,20.61,167382,354524718.0,3.47,-0.38,-0.08,7.02
300945,曼卡龙,2025-06-27,20.81,21.0,21.4,20.6,170547,363320371.0,3.82,0.29,0.06,7.16
300945,曼卡龙,2025-06-30,21.38,21.99,22.35,20.99,340763,750665304.0,6.48,4.71,0.99,14.29
300945,曼卡龙,2025-07-01,21.88,21.95,22.39,20.98,296283,648442315.0,6.41,-0.18,-0.04,12.43
300945,曼卡龙,2025-07-02,21.95,21.3,22.73,21.16,272997,605836738.0,7.15,-2.96,-0.65,11.45
300945,曼卡龙,2025-07-03,21.25,21.17,22.05,20.72,192504,413793384.0,6.24,-0.61,-0.13,8.07
300945,曼卡龙,2025-07-04,21.17,20.87,21.31,20.39,173930,361171709.0,4.35,-1.42,-0.3,7.3
300945,曼卡龙,2025-07-07,20.86,21.69,22.04,20.64,207979,450538712.0,6.71,3.93,0.82,8.72
300945,曼卡龙,2025-07-08,21.68,21.28,22.16,21.22,204057,440983856.0,4.33,-1.89,-0.41,8.56
300945,曼卡龙,2025-07-09,20.95,21.13,21.33,20.82,98606,208915230.0,2.4,-0.7,-0.15,4.14
300945,曼卡龙,2025-07-10,21.04,20.68,21.24,20.45,132019,274279276.0,3.74,-2.13,-0.45,5.54
300945,曼卡龙,2025-07-11,20.66,20.64,20.77,20.4,96680,199654541.0,1.79,-0.19,-0.04,4.06
300945,曼卡龙,2025-07-14,20.81,20.74,21.12,20.49,99671,207593168.0,3.05,0.48,0.1,4.18
300945,曼卡龙,2025-07-15,20.54,19.46,20.6,19.4,206210,407432948.0,5.79,-6.17,-1.28,8.65
300945,曼卡龙,2025-07-16,19.4,19.54,19.63,19.32,119272,233182881.0,1.59,0.41,0.08,5.0
300945,曼卡龙,2025-07-17,19.69,19.46,19.7,19.25,101143,197060554.0,2.3,-0.41,-0.08,4.24
300945,曼卡龙,2025-07-18,19.41,19.38,19.46,19.19,79819,154575197.0,1.39,-0.41,-0.08,3.35
300945,曼卡龙,2025-07-21,19.32,19.45,19.57,19.25,70778,137834810.0,1.65,0.36,0.07,2.97
300945,曼卡龙,2025-07-22,19.57,19.24,19.89,19.08,179173,350568662.0,4.16,-1.08,-0.21,7.52
300945,曼卡龙,2025-07-23,19.32,19.22,19.81,19.11,131057,254829525.0,3.64,-0.1,-0.02,5.5
300945,曼卡龙,2025-07-24,19.14,19.34,19.6,19.04,114779,223499138.0,2.91,0.62,0.12,4.81
300945,曼卡龙,2025-07-25,19.4,19.35,19.73,19.26,107079,209237983.0,2.43,0.05,0.01,4.49
300945,曼卡龙,2025-07-28,19.28,19.28,19.44,19.04,88808,171036537.0,2.07,-0.36,-0.07,3.73
300945,曼卡龙,2025-07-29,19.16,19.13,19.19,18.89,77202,147411304.0,1.56,-0.78,-0.15,3.24
300945,曼卡龙,2025-07-30,19.09,19.46,19.61,19.0,154615,300663976.0,3.19,1.73,0.33,6.49
300945,曼卡龙,2025-07-31,19.36,18.74,19.36,18.66,153242,291181831.0,3.6,-3.7,-0.72,6.43
300945,曼卡龙,2025-08-01,18.72,18.67,18.84,18.58,79696,149339472.0,1.39,-0.37,-0.07,3.34
300945,曼卡龙,2025-08-04,19.24,19.37,19.45,18.72,215510,414739289.0,3.91,3.75,0.7,9.04
300945,曼卡龙,2025-08-05,19.37,19.18,19.51,19.07,140042,270319901.0,2.27,-0.98,-0.19,5.87
300945,曼卡龙,2025-08-06,19.17,19.74,19.94,19.11,190323,374018700.0,4.33,2.92,0.56,7.98
300945,曼卡龙,2025-08-07,19.71,20.87,21.21,19.52,428917,889031512.0,8.56,5.72,1.13,17.99
300945,曼卡龙,2025-08-08,20.76,20.44,21.0,20.22,261832,538711948.0,3.74,-2.06,-0.43,10.98
300945,曼卡龙,2025-08-11,20.04,19.89,20.05,19.46,177965,352913923.0,2.89,-2.69,-0.55,7.46
300945,曼卡龙,2025-08-12,19.72,19.52,19.91,19.44,141820,279078977.0,2.36,-1.86,-0.37,5.95
300945,曼卡龙,2025-08-13,19.02,18.94,19.02,18.47,216240,407466850.0,2.82,-2.97,-0.58,9.07
300945,曼卡龙,2025-08-14,18.88,18.29,18.88,18.25,135284,252157365.0,3.33,-3.43,-0.65,5.67
300945,曼卡龙,2025-08-15,18.22,18.59,18.64,18.04,111925,207014044.0,3.28,1.64,0.3,4.69
300945,曼卡龙,2025-08-18,18.54,18.66,18.72,18.52,115514,215751884.0,1.08,0.38,0.07,4.85
300945,曼卡龙,2025-08-19,18.6,18.68,18.79,18.51,88597,165951167.0,1.5,0.11,0.02,3.72
300945,曼卡龙,2025-08-20,18.61,19.11,19.29,18.47,194015,369923656.0,4.39,2.3,0.43,8.14
300945,曼卡龙,2025-08-21,19.1,19.13,19.48,19.02,152855,295064818.0,2.41,0.1,0.02,6.41
300945,曼卡龙,2025-08-22,19.13,18.98,19.13,18.62,123781,233890717.0,2.67,-0.78,-0.15,5.19
300945,曼卡龙,2025-08-25,19.05,19.28,19.28,19.02,125498,241065390.0,1.37,1.58,0.3,5.26
300945,曼卡龙,2025-08-26,19.24,19.2,19.4,19.14,103438,200093665.0,1.35,-0.41,-0.08,4.34
300945,曼卡龙,2025-08-27,19.12,18.34,19.19,18.33,125251,235946875.0,4.48,-4.48,-0.86,5.25
300945,曼卡龙,2025-08-28,18.53,18.27,18.98,17.55,137864,252350810.0,7.8,-0.38,-0.07,5.78
300945,曼卡龙,2025-08-29,18.43,18.66,19.14,18.36,181062,341654040.0,4.27,2.13,0.39,7.59
300945,曼卡龙,2025-09-01,19.01,20.01,20.23,18.92,352614,698818160.0,7.02,7.23,1.35,14.79
300945,曼卡龙,2025-09-02,20.44,22.4,23.74,19.73,562612,1218610330.0,20.04,11.94,2.39,23.6
300945,曼卡龙,2025-09-03,22.24,21.94,24.51,21.42,547045,1250654466.0,13.79,-2.05,-0.46,22.95
300945,曼卡龙,2025-09-04,21.52,23.06,23.72,20.99,534768,1185172284.0,12.44,5.1,1.12,22.43
300945,曼卡龙,2025-09-05,22.44,23.74,24.93,21.52,566160,1308590925.0,14.79,2.95,0.68,23.75
300945,曼卡龙,2025-09-08,23.49,23.0,24.38,22.7,363966,848706127.0,7.08,-3.12,-0.74,15.27
300945,曼卡龙,2025-09-09,23.49,23.95,26.48,23.38,587272,1443058738.0,13.48,4.13,0.95,24.63
300945,曼卡龙,2025-09-10,22.31,22.76,23.34,21.99,377606,859015850.0,5.64,-4.97,-1.19,15.84
300945,曼卡龙,2025-09-11,22.34,21.78,22.34,21.14,334228,722521776.0,5.27,-4.31,-0.98,14.02
300945,曼卡龙,2025-09-12,21.8,22.63,23.23,21.44,357610,806531508.0,8.22,3.9,0.85,15.0
300945,曼卡龙,2025-09-15,22.06,21.55,22.3,21.44,249364,542130999.0,3.8,-4.77,-1.08,10.46
300945,曼卡龙,2025-09-16,22.01,21.84,22.15,20.95,267386,575946566.0,5.57,1.35,0.29,11.22
300945,曼卡龙,2025-09-17,21.45,20.98,21.84,20.97,224370,475829139.0,3.98,-3.94,-0.86,9.41
300945,曼卡龙,2025-09-18,20.56,19.65,20.56,19.45,247037,496169503.0,5.29,-6.34,-1.33,10.36
300945,曼卡龙,2025-09-19,19.47,20.18,20.4,19.47,195467,392064896.0,4.73,2.7,0.53,8.2
300945,曼卡龙,2025-09-22,20.5,20.8,20.87,19.86,205489,419556644.0,5.0,3.07,0.62,8.62
300945,曼卡龙,2025-09-23,20.88,20.41,21.37,20.13,211472,440563223.0,5.96,-1.88,-0.39,8.87
300945,曼卡龙,2025-09-24,20.04,20.33,20.6,19.49,156720,317846773.0,5.44,-0.39,-0.08,6.57
300945,曼卡龙,2025-09-25,20.15,19.73,20.36,19.5,159976,317603289.0,4.23,-2.95,-0.6,6.71
300945,曼卡龙,2025-09-26,19.73,19.93,20.61,19.57,159688,323104805.0,5.27,1.01,0.2,6.7
300945,曼卡龙,2025-09-29,20.04,19.77,20.24,19.09,147636,291426830.0,5.77,-0.8,-0.16,6.19
300945,曼卡龙,2025-09-30,20.24,19.77,20.59,19.76,158628,320074774.0,4.2,0.0,0.0,6.65
300945,曼卡龙,2025-10-09,20.59,20.93,21.2,20.05,258059,532413836.0,5.82,5.87,1.16,10.82
300945,曼卡龙,2025-10-10,20.71,20.08,21.33,20.05,193710,398811373.0,6.12,-4.06,-0.85,8.13
300945,曼卡龙,2025-10-13,19.14,20.42,20.63,18.96,179979,362709372.0,8.32,1.69,0.34,7.55
300945,曼卡龙,2025-10-14,20.83,21.23,22.12,20.74,387246,828632932.0,6.76,3.97,0.81,16.24
300945,曼卡龙,2025-10-15,21.3,21.73,21.92,20.75,316806,680380112.0,5.51,2.36,0.5,13.29
300945,曼卡龙,2025-10-16,21.33,21.6,22.5,21.32,302100,664549174.0,5.43,-0.6,-0.13,12.67
300945,曼卡龙,2025-10-17,22.04,20.93,22.62,20.7,281951,618444274.0,8.89,-3.1,-0.67,11.83
300945,曼卡龙,2025-10-20,19.74,20.11,20.65,19.04,248944,490403709.0,7.69,-3.92,-0.82,10.44
300945,曼卡龙,2025-10-21,20.22,20.12,21.05,19.82,213574,434702928.0,6.12,0.05,0.01,8.96
300945,曼卡龙,2025-10-22,19.33,18.62,19.45,18.61,247616,467531672.0,4.17,-7.46,-1.5,10.39
300945,曼卡龙,2025-10-23,18.5,18.24,18.61,17.67,153353,276240837.0,5.05,-2.04,-0.38,6.43
300945,曼卡龙,2025-10-24,18.22,17.78,18.35,17.69,140079,251432768.0,3.62,-2.52,-0.46,5.88
300945,曼卡龙,2025-10-27,17.68,18.04,18.13,17.68,103097,185307736.0,2.53,1.46,0.26,4.32
300945,曼卡龙,2025-10-28,17.91,17.89,18.21,17.72,107223,192161497.0,2.72,-0.83,-0.15,4.5
300945,曼卡龙,2025-10-29,17.78,18.02,18.08,17.64,98151,174993814.0,2.46,0.73,0.13,4.12
300945,曼卡龙,2025-10-30,17.84,17.68,18.09,17.65,107406,190758077.0,2.44,-1.89,-0.34,4.51
300945,曼卡龙,2025-10-31,17.81,18.13,18.17,17.79,126717,229017500.0,2.15,2.55,0.45,5.32
300945,曼卡龙,2025-11-03,18.18,17.85,18.18,17.59,104984,186331323.0,3.25,-1.54,-0.28,4.4
300945,曼卡龙,2025-11-04,17.72,17.24,17.75,17.09,119093,206662708.0,3.7,-3.42,-0.61,5.0
300945,曼卡龙,2025-11-05,17.01,17.56,17.65,16.99,89471,156438786.0,3.83,1.86,0.32,3.75
300945,曼卡龙,2025-11-06,17.52,17.32,17.55,17.24,66727,115628052.0,1.77,-1.37,-0.24,2.8
300945,曼卡龙,2025-11-07,17.32,17.36,17.51,17.23,47752,82964845.0,1.62,0.23,0.04,2.0
300945,曼卡龙,2025-11-10,17.46,18.27,18.3,17.46,183286,330278688.0,4.84,5.24,0.91,7.69
300945,曼卡龙,2025-11-11,18.5,18.6,18.84,18.16,210299,390084195.0,3.72,1.81,0.33,8.82
300945,曼卡龙,2025-11-12,18.57,17.98,18.65,17.9,123057,223029509.0,4.03,-3.33,-0.62,5.16
300945,曼卡龙,2025-11-13,18.35,18.12,18.4,17.98,95262,172876904.0,2.34,0.78,0.14,4.0
300945,曼卡龙,2025-11-14,17.88,17.77,18.17,17.77,78892,141463845.0,2.21,-1.93,-0.35,3.31
300945,曼卡龙,2025-11-17,17.76,17.66,17.76,17.53,65424,115347164.0,1.29,-0.62,-0.11,2.74
300945,曼卡龙,2025-11-18,17.61,17.56,17.8,17.41,59693,104870759.0,2.21,-0.57,-0.1,2.5
300945,曼卡龙,2025-11-19,17.59,17.86,18.02,17.37,94670,167897777.0,3.7,1.71,0.3,3.97
300945,曼卡龙,2025-11-20,17.7,17.45,17.98,17.32,77499,136144496.0,3.7,-2.3,-0.41,3.25
300945,曼卡龙,2025-11-21,17.21,16.68,17.44,16.61,88701,149906212.0,4.76,-4.41,-0.77,3.72
300945,曼卡龙,2025-11-24,16.75,17.14,17.17,16.69,63742,108099194.0,2.88,2.76,0.46,2.67
300945,曼卡龙,2025-11-25,17.17,17.45,17.66,17.17,60500,105597974.0,2.86,1.81,0.31,2.54
300945,曼卡龙,2025-11-26,17.47,17.25,17.51,17.16,50994,88210881.0,2.01,-1.15,-0.2,2.14
300945,曼卡龙,2025-11-27,17.39,17.19,17.6,17.18,52219,90582282.0,2.43,-0.35,-0.06,2.19
300945,曼卡龙,2025-11-28,17.37,17.29,17.37,17.13,40712,70219078.0,1.4,0.58,0.1,1.71
300945,曼卡龙,2025-12-01,17.55,17.38,17.7,17.29,66023,115564323.0,2.37,0.52,0.09,2.77
300945,曼卡龙,2025-12-02,17.3,16.98,17.36,16.93,51403,87492824.0,2.47,-2.3,-0.4,2.16
300945,曼卡龙,2025-12-03,17.03,16.62,17.08,16.59,59232,99468729.0,2.89,-2.12,-0.36,2.48
300945,曼卡龙,2025-12-04,16.62,16.17,16.7,16.15,63654,103752452.0,3.31,-2.71,-0.45,2.67
300945,曼卡龙,2025-12-05,16.23,16.73,16.8,16.16,96742,160531072.0,3.96,3.46,0.56,4.06
300945,曼卡龙,2025-12-08,16.6,16.75,16.86,16.35,71439,119085178.0,3.05,0.12,0.02,3.0
300945,曼卡龙,2025-12-09,16.89,16.53,16.95,16.5,50736,84181124.0,2.69,-1.31,-0.22,2.13
300945,曼卡龙,2025-12-10,16.6,17.0,17.18,16.54,98710,166709837.0,3.87,2.84,0.47,4.14
300945,曼卡龙,2025-12-11,17.0,16.47,17.11,16.44,75182,125518997.0,3.94,-3.12,-0.53,3.15
300945,曼卡龙,2025-12-12,16.53,16.66,16.92,16.5,55724,93119212.0,2.55,1.15,0.19,2.34
300945,曼卡龙,2025-12-15,16.6,17.1,17.18,16.55,103175,175836355.0,3.78,2.64,0.44,4.33
300945,曼卡龙,2025-12-16,16.93,16.67,17.3,16.49,80994,136227551.0,4.74,-2.51,-0.43,3.4
300945,曼卡龙,2025-12-17,16.59,17.0,17.22,16.59,92467,156657158.0,3.78,1.98,0.33,3.88
300945,曼卡龙,2025-12-18,17.23,17.45,17.78,17.0,172488,302724397.0,4.59,2.65,0.45,7.24
300945,曼卡龙,2025-12-19,17.26,17.78,18.0,17.07,179597,316743321.0,5.33,1.89,0.33,7.53
300945,曼卡龙,2025-12-22,17.58,17.59,17.96,17.5,139265,245911566.0,2.59,-1.07,-0.19,5.84
300945,曼卡龙,2025-12-23,17.9,17.2,17.99,17.14,133923,233380289.0,4.83,-2.22,-0.39,5.62
300945,曼卡龙,2025-12-24,17.31,17.19,17.62,17.0,96532,165886639.0,3.6,-0.06,-0.01,4.05
300945,曼卡龙,2025-12-25,17.07,17.02,17.14,16.77,101635,172212904.0,2.15,-0.99,-0.17,4.26
300945,曼卡龙,2025-12-26,17.05,17.1,17.35,17.0,96418,165571553.0,2.06,0.47,0.08,4.04
300945,曼卡龙,2025-12-29,17.11,16.82,17.12,16.77,73892,124768005.0,2.05,-1.64,-0.28,3.1
300945,曼卡龙,2025-12-30,16.56,16.25,16.57,16.21,103865,169861961.0,2.14,-3.39,-0.57,4.36
300945,曼卡龙,2025-12-31,16.26,16.16,16.36,16.02,63410,102556650.0,2.09,-0.55,-0.09,2.66
300945,曼卡龙,2026-01-05,16.24,16.44,16.45,16.2,67867,110950124.0,1.55,1.73,0.28,2.85
300945,曼卡龙,2026-01-06,16.44,16.66,16.94,16.41,93049,155035175.0,3.22,1.34,0.22,3.9
300945,曼卡龙,2026-01-07,16.64,16.38,16.66,16.36,67057,110543491.0,1.8,-1.68,-0.28,2.81
300945,曼卡龙,2026-01-08,16.36,16.55,16.6,16.25,69740,115025686.0,2.14,1.04,0.17,2.93
300945,曼卡龙,2026-01-09,16.55,16.9,16.91,16.45,106382,178271565.0,2.78,2.11,0.35,4.46
300945,曼卡龙,2026-01-12,17.16,17.37,17.4,17.05,110647,190795899.0,2.07,2.78,0.47,4.64
300945,曼卡龙,2026-01-13,17.4,17.66,18.1,17.4,191114,340055599.0,4.03,1.67,0.29,8.02
300945,曼卡龙,2026-01-14,17.6,18.2,18.65,17.45,272443,492442777.0,6.8,3.06,0.54,11.43
300945,曼卡龙,2026-01-15,18.02,17.63,18.02,17.53,164070,290843201.0,2.69,-3.13,-0.57,6.88
300945,曼卡龙,2026-01-16,17.64,17.26,17.75,17.06,124656,215651190.0,3.91,-2.1,-0.37,5.23
300945,曼卡龙,2026-01-19,17.43,17.75,17.9,17.31,119276,210090769.0,3.42,2.84,0.49,5.0
300945,曼卡龙,2026-01-20,17.75,17.94,18.04,17.43,125960,224996044.0,3.44,1.07,0.19,5.28
300945,曼卡龙,2026-01-21,18.11,18.7,18.95,17.81,297680,547461967.0,6.35,4.24,0.76,12.49
300945,曼卡龙,2026-01-22,17.97,17.94,18.05,17.54,221832,396256719.0,2.73,-4.06,-0.76,9.31
300945,曼卡龙,2026-01-23,18.2,18.32,18.75,18.08,224922,414112934.0,3.73,2.12,0.38,9.43
300945,曼卡龙,2026-01-26,18.72,20.21,21.1,18.58,474638,937087163.0,13.76,10.32,1.89,19.91
300945,曼卡龙,2026-01-27,19.25,20.59,21.92,19.0,522082,1069735969.0,14.45,1.88,0.38,21.9
300945,曼卡龙,2026-01-28,20.59,24.7,24.7,20.31,689840,1578449256.0,21.32,19.96,4.11,28.94
300945,曼卡龙,2026-01-29,24.46,23.22,27.21,22.6,719308,1774619270.0,18.66,-5.99,-1.48,30.17
300945,曼卡龙,2026-01-30,21.2,19.55,21.77,18.89,503729,993224182.0,12.4,-15.81,-3.67,21.13
300945,曼卡龙,2026-02-02,18.91,18.54,19.39,18.45,349942,660746113.0,4.81,-5.17,-1.01,14.68
300945,曼卡龙,2026-02-03,19.0,19.33,19.46,18.56,349227,665246358.0,4.85,4.26,0.79,14.65
300945,曼卡龙,2026-02-04,19.94,19.36,20.12,19.15,319423,625068445.0,5.02,0.16,0.03,13.4
300945,曼卡龙,2026-02-05,18.79,18.64,19.54,18.6,241889,456386607.0,4.86,-3.72,-0.72,10.15
300945,曼卡龙,2026-02-06,18.39,19.47,19.96,18.18,335238,647975772.0,9.55,4.45,0.83,14.06
300945,曼卡龙,2026-02-09,19.7,19.62,19.73,19.31,212380,413418516.0,2.16,0.77,0.15,8.91
300945,曼卡龙,2026-02-10,19.48,19.07,19.48,19.04,161027,308940667.0,2.24,-2.8,-0.55,6.75
300945,曼卡龙,2026-02-11,19.0,18.83,19.19,18.81,115454,218968594.0,1.99,-1.26,-0.24,4.84
300945,曼卡龙,2026-02-12,18.88,18.51,19.0,18.5,99359,185588586.0,2.66,-1.7,-0.32,4.17
300945,曼卡龙,2026-02-13,18.43,18.4,18.72,18.29,83297,154359504.0,2.32,-0.59,-0.11,3.49
300945,曼卡龙,2026-02-24,19.08,19.62,19.96,18.99,296434,577163275.0,5.27,6.63,1.22,12.43
300945,曼卡龙,2026-02-25,19.64,19.4,19.73,19.28,180981,352853785.0,2.29,-1.12,-0.22,7.59
300945,曼卡龙,2026-02-26,19.36,19.16,19.78,19.09,139344,269774842.0,3.56,-1.24,-0.24,5.84
300945,曼卡龙,2026-02-27,18.98,19.27,19.45,18.86,150767,288957596.0,3.08,0.57,0.11,6.32
300945,曼卡龙,2026-03-02,19.85,21.53,22.2,19.1,521715,1058857902.0,16.09,11.73,2.26,21.88
300945,曼卡龙,2026-03-03,20.57,21.89,22.89,20.2,563500,1218601965.0,12.49,1.67,0.36,23.64
300945,曼卡龙,2026-03-04,20.4,19.53,20.4,18.44,338574,665584587.0,8.95,-10.78,-2.36,14.2
300945,曼卡龙,2026-03-05,19.86,19.56,20.45,19.01,322206,634271087.0,7.37,0.15,0.03,13.52
300945,曼卡龙,2026-03-06,19.21,19.6,19.78,18.9,204666,397786368.0,4.5,0.2,0.04,8.58
300945,曼卡龙,2026-03-09,19.2,19.42,19.72,18.95,200154,386910757.0,3.93,-0.92,-0.18,8.4
300945,曼卡龙,2026-03-10,19.54,19.2,19.97,19.06,223493,434601206.0,4.69,-1.13,-0.22,9.37
300945,曼卡龙,2026-03-11,19.29,18.88,19.86,18.72,223569,429662709.0,5.94,-1.67,-0.32,9.38
300945,曼卡龙,2026-03-12,18.74,18.17,18.89,18.0,185687,341616834.0,4.71,-3.76,-0.71,7.79
300945,曼卡龙,2026-03-13,18.11,17.49,18.17,17.42,154201,273806955.0,4.13,-3.74,-0.68,6.47
300945,曼卡龙,2026-03-16,17.39,17.2,17.53,16.92,106622,183061040.0,3.49,-1.66,-0.29,4.47
300945,曼卡龙,2026-03-17,17.15,16.68,17.27,16.68,102586,173817417.0,3.43,-3.02,-0.52,4.3
300945,曼卡龙,2026-03-18,16.67,16.77,16.81,16.43,88566,147201767.0,2.28,0.54,0.09,3.71
300945,曼卡龙,2026-03-19,16.39,16.06,16.54,16.0,106939,173455433.0,3.22,-4.23,-0.71,4.49
300945,曼卡龙,2026-03-20,16.07,15.5,16.19,15.5,95496,150745300.0,4.3,-3.49,-0.56,4.01
300945,曼卡龙,2026-03-23,14.89,14.49,15.33,14.39,130140,192961996.0,6.06,-6.52,-1.01,5.46
300945,曼卡龙,2026-03-24,15.11,15.46,15.47,14.74,183798,277693999.0,5.04,6.69,0.97,7.71
300945,曼卡龙,2026-03-25,15.93,15.78,16.27,15.63,181923,290295087.0,4.14,2.07,0.32,7.63
300945,曼卡龙,2026-03-26,15.61,15.21,15.9,15.11,117939,182441326.0,5.01,-3.61,-0.57,4.95
300945,曼卡龙,2026-03-27,14.93,15.57,15.65,14.78,92347,142365006.7,5.72,2.37,0.36,3.87
