股票代码,股票名称,日期,开盘,收盘,最高,最低,成交量,成交额,振幅,涨跌幅,涨跌额,换手率
600391,航发科技,2024-01-02,19.02,19.32,19.5,19.02,55351,107048780.0,2.51,1.05,0.2,1.68
600391,航发科技,2024-01-03,19.27,19.14,19.3,18.97,34410,65729450.0,1.71,-0.93,-0.18,1.04
600391,航发科技,2024-01-04,19.11,19.02,19.25,18.88,23768,45276288.0,1.93,-0.63,-0.12,0.72
600391,航发科技,2024-01-05,19.08,18.52,19.08,18.44,37025,69245562.0,3.36,-2.63,-0.5,1.12
600391,航发科技,2024-01-08,18.53,17.91,18.53,17.86,37727,68353861.0,3.62,-3.29,-0.61,1.14
600391,航发科技,2024-01-09,17.91,17.87,18.16,17.76,29392,52693029.0,2.23,-0.22,-0.04,0.89
600391,航发科技,2024-01-10,17.76,17.57,17.87,17.37,31345,55155516.0,2.8,-1.68,-0.3,0.95
600391,航发科技,2024-01-11,17.54,17.81,17.9,17.5,27525,48779503.0,2.28,1.37,0.24,0.83
600391,航发科技,2024-01-12,17.7,17.9,18.06,17.66,33275,59450665.0,2.25,0.51,0.09,1.01
600391,航发科技,2024-01-15,17.7,17.16,17.78,17.13,64100,111149438.0,3.63,-4.13,-0.74,1.94
600391,航发科技,2024-01-16,17.25,17.18,17.32,16.87,43440,74211894.0,2.62,0.12,0.02,1.32
600391,航发科技,2024-01-17,17.11,16.81,17.17,16.8,28757,48857392.0,2.15,-2.15,-0.37,0.87
600391,航发科技,2024-01-18,16.7,16.59,16.76,16.02,71930,117303145.0,4.4,-1.31,-0.22,2.18
600391,航发科技,2024-01-19,16.57,16.42,16.67,16.3,40899,67346810.0,2.23,-1.02,-0.17,1.24
600391,航发科技,2024-01-22,16.4,15.47,16.47,15.23,53685,85654148.0,7.55,-5.79,-0.95,1.63
600391,航发科技,2024-01-23,15.43,15.63,15.69,15.22,38356,59400284.0,3.04,1.03,0.16,1.16
600391,航发科技,2024-01-24,15.65,16.0,16.0,15.27,43004,67173157.0,4.67,2.37,0.37,1.3
600391,航发科技,2024-01-25,15.9,16.9,16.92,15.88,69300,114586620.0,6.5,5.63,0.9,2.1
600391,航发科技,2024-01-26,16.91,16.77,16.98,16.7,37961,63907966.0,1.66,-0.77,-0.13,1.15
600391,航发科技,2024-01-29,16.77,16.45,16.91,16.4,39309,65396127.0,3.04,-1.91,-0.32,1.19
600391,航发科技,2024-01-30,16.37,16.05,16.54,16.03,34536,56188661.0,3.1,-2.43,-0.4,1.05
600391,航发科技,2024-01-31,16.04,15.1,16.04,14.99,53250,82274957.0,6.54,-5.92,-0.95,1.61
600391,航发科技,2024-02-01,15.0,14.96,15.28,14.59,47281,70645239.0,4.57,-0.93,-0.14,1.43
600391,航发科技,2024-02-02,14.96,14.23,15.24,13.89,62412,90219413.0,9.02,-4.88,-0.73,1.89
600391,航发科技,2024-02-05,14.19,13.42,14.29,13.03,80596,109314459.0,8.85,-5.69,-0.81,2.44
600391,航发科技,2024-02-06,13.15,14.54,14.58,12.9,70768,97497097.0,12.52,8.35,1.12,2.14
600391,航发科技,2024-02-07,14.38,15.17,15.36,14.38,70624,106434596.0,6.74,4.33,0.63,2.14
600391,航发科技,2024-02-08,15.18,15.92,16.2,15.17,80591,128499922.0,6.79,4.94,0.75,2.44
600391,航发科技,2024-02-19,16.1,15.84,16.11,15.63,58763,93201384.0,3.02,-0.5,-0.08,1.78
600391,航发科技,2024-02-20,15.76,15.81,15.85,15.45,38336,59956551.0,2.53,-0.19,-0.03,1.16
600391,航发科技,2024-02-21,15.69,15.86,16.34,15.54,47105,75516444.0,5.06,0.32,0.05,1.43
600391,航发科技,2024-02-22,15.89,16.04,16.17,15.85,38222,61187613.0,2.02,1.13,0.18,1.16
600391,航发科技,2024-02-23,16.04,16.27,16.29,15.91,51022,82207202.0,2.37,1.43,0.23,1.55
600391,航发科技,2024-02-26,16.21,16.45,16.67,16.16,57616,94785550.0,3.13,1.11,0.18,1.75
600391,航发科技,2024-02-27,16.45,16.85,16.85,16.31,43970,73065312.0,3.28,2.43,0.4,1.33
600391,航发科技,2024-02-28,16.84,16.01,17.15,16.0,74119,123417800.0,6.82,-4.99,-0.84,2.25
600391,航发科技,2024-02-29,15.95,16.56,16.56,15.93,54184,88585091.0,3.94,3.44,0.55,1.64
600391,航发科技,2024-03-01,16.57,16.84,16.87,16.55,42651,71467780.0,1.93,1.69,0.28,1.29
600391,航发科技,2024-03-04,16.84,16.75,16.9,16.49,39431,65810836.0,2.43,-0.53,-0.09,1.19
600391,航发科技,2024-03-05,16.75,16.91,17.24,16.57,70193,119205482.0,4.0,0.96,0.16,2.13
600391,航发科技,2024-03-06,16.67,16.9,17.05,16.63,41208,69299712.0,2.48,-0.06,-0.01,1.25
600391,航发科技,2024-03-07,16.84,16.69,17.1,16.69,39423,66531591.0,2.43,-1.24,-0.21,1.19
600391,航发科技,2024-03-08,16.7,16.79,16.84,16.54,30328,50655502.0,1.8,0.6,0.1,0.92
600391,航发科技,2024-03-11,16.7,17.1,17.11,16.7,46064,78118287.0,2.44,1.85,0.31,1.4
600391,航发科技,2024-03-12,17.06,17.43,17.47,17.03,55854,96489649.0,2.57,1.93,0.33,1.69
600391,航发科技,2024-03-13,17.45,17.68,17.85,17.23,74190,130678798.0,3.56,1.43,0.25,2.25
600391,航发科技,2024-03-14,17.57,17.32,17.7,17.15,52325,91121469.0,3.11,-2.04,-0.36,1.58
600391,航发科技,2024-03-15,17.32,17.51,17.51,17.2,34595,60062994.0,1.79,1.1,0.19,1.05
600391,航发科技,2024-03-18,17.51,17.78,17.78,17.45,61770,109010770.0,1.88,1.54,0.27,1.87
600391,航发科技,2024-03-19,17.75,17.68,17.97,17.61,49775,88469363.0,2.02,-0.56,-0.1,1.51
600391,航发科技,2024-03-20,17.68,17.76,17.84,17.6,34195,60681604.0,1.36,0.45,0.08,1.04
600391,航发科技,2024-03-21,17.78,17.98,18.13,17.63,55717,99669049.0,2.82,1.24,0.22,1.69
600391,航发科技,2024-03-22,17.95,17.65,17.98,17.6,43711,77559349.0,2.11,-1.84,-0.33,1.32
600391,航发科技,2024-03-25,17.52,17.15,17.7,17.15,44335,77418084.0,3.12,-2.83,-0.5,1.34
600391,航发科技,2024-03-26,17.18,17.13,17.31,16.87,38492,65859887.0,2.57,-0.12,-0.02,1.17
600391,航发科技,2024-03-27,17.01,16.44,17.12,16.4,38158,63706597.0,4.2,-4.03,-0.69,1.16
600391,航发科技,2024-03-28,16.44,17.29,17.46,16.44,56638,96838907.0,6.2,5.17,0.85,1.72
600391,航发科技,2024-03-29,17.28,17.51,17.54,17.1,43693,75659487.0,2.54,1.27,0.22,1.32
600391,航发科技,2024-04-01,17.4,17.1,17.43,16.93,96899,165206926.0,2.86,-2.34,-0.41,2.94
600391,航发科技,2024-04-02,17.1,16.83,17.1,16.6,62409,104985540.0,2.92,-1.58,-0.27,1.89
600391,航发科技,2024-04-03,16.8,16.52,16.82,16.44,49218,81426545.0,2.26,-1.84,-0.31,1.49
600391,航发科技,2024-04-08,16.47,16.07,16.5,16.03,47194,76606571.0,2.85,-2.72,-0.45,1.43
600391,航发科技,2024-04-09,16.07,16.23,16.34,15.98,35572,57431021.0,2.24,1.0,0.16,1.08
600391,航发科技,2024-04-10,16.21,15.93,16.23,15.76,36825,58715671.0,2.9,-1.85,-0.3,1.12
600391,航发科技,2024-04-11,15.78,15.81,16.03,15.7,28063,44650438.0,2.07,-0.75,-0.12,0.85
600391,航发科技,2024-04-12,15.84,15.75,15.97,15.71,29840,47314629.0,1.64,-0.38,-0.06,0.9
600391,航发科技,2024-04-15,15.68,15.8,16.1,15.45,61349,96920292.0,4.13,0.32,0.05,1.86
600391,航发科技,2024-04-16,15.72,14.74,15.72,14.68,80102,121085248.0,6.58,-6.71,-1.06,2.43
600391,航发科技,2024-04-17,14.78,15.5,15.5,14.78,49841,76037074.0,4.88,5.16,0.76,1.51
600391,航发科技,2024-04-18,15.5,15.61,15.88,15.35,46053,71966589.0,3.42,0.71,0.11,1.39
600391,航发科技,2024-04-19,15.5,15.96,16.09,15.49,57040,90467717.0,3.84,2.24,0.35,1.73
600391,航发科技,2024-04-22,15.9,16.17,16.3,15.66,70111,113023108.0,4.01,1.32,0.21,2.12
600391,航发科技,2024-04-23,16.09,16.07,16.35,15.99,54209,87598048.0,2.23,-0.62,-0.1,1.64
600391,航发科技,2024-04-24,16.07,16.6,16.62,16.07,65964,108313954.0,3.42,3.3,0.53,2.0
600391,航发科技,2024-04-25,16.55,16.55,16.61,16.46,41693,68960988.0,0.9,-0.3,-0.05,1.26
600391,航发科技,2024-04-26,16.45,16.78,16.95,16.44,51518,86559787.0,3.08,1.39,0.23,1.56
600391,航发科技,2024-04-29,16.72,16.99,17.03,16.7,60448,102237768.0,1.97,1.25,0.21,1.83
600391,航发科技,2024-04-30,17.02,16.84,17.05,16.64,61233,103116008.0,2.41,-0.88,-0.15,1.85
600391,航发科技,2024-05-06,16.99,16.78,17.08,16.74,54822,92705484.0,2.02,-0.36,-0.06,1.66
600391,航发科技,2024-05-07,16.81,17.16,17.2,16.7,61278,104660875.0,2.98,2.26,0.38,1.86
600391,航发科技,2024-05-08,17.12,16.92,17.22,16.9,47730,81229394.0,1.86,-1.4,-0.24,1.45
600391,航发科技,2024-05-09,16.99,17.36,17.42,16.85,61310,105651228.0,3.37,2.6,0.44,1.86
600391,航发科技,2024-05-10,17.43,17.13,17.59,17.08,50841,87802957.0,2.94,-1.32,-0.23,1.54
600391,航发科技,2024-05-13,17.03,16.84,17.08,16.6,43075,72506767.0,2.8,-1.69,-0.29,1.3
600391,航发科技,2024-05-14,16.84,16.87,17.01,16.74,31847,53676688.0,1.6,0.18,0.03,0.96
600391,航发科技,2024-05-15,16.87,16.72,17.05,16.65,31255,52706239.0,2.37,-0.89,-0.15,0.95
600391,航发科技,2024-05-16,16.75,16.74,17.02,16.63,36883,62029515.0,2.33,0.12,0.02,1.12
600391,航发科技,2024-05-17,16.75,16.99,17.03,16.71,35774,60469309.0,1.91,1.49,0.25,1.08
600391,航发科技,2024-05-20,16.98,17.25,17.38,16.95,52259,89901508.0,2.53,1.53,0.26,1.58
600391,航发科技,2024-05-21,17.19,16.95,17.19,16.86,42200,71627725.0,1.91,-1.74,-0.3,1.28
600391,航发科技,2024-05-22,16.9,16.77,17.0,16.68,30015,50434040.0,1.89,-1.06,-0.18,0.91
600391,航发科技,2024-05-23,16.85,16.6,16.89,16.58,40533,67688225.0,1.85,-1.01,-0.17,1.23
600391,航发科技,2024-05-24,16.55,16.37,16.61,16.32,30135,49595998.0,1.75,-1.39,-0.23,0.91
600391,航发科技,2024-05-27,16.4,16.3,16.43,15.92,33666,54205423.0,3.12,-0.43,-0.07,1.02
600391,航发科技,2024-05-28,16.23,16.26,16.54,16.14,30960,50519573.0,2.45,-0.25,-0.04,0.94
600391,航发科技,2024-05-29,16.15,16.12,16.38,16.02,28017,45268131.0,2.21,-0.86,-0.14,0.85
600391,航发科技,2024-05-30,16.04,16.33,16.5,15.86,39281,63914477.0,3.97,1.3,0.21,1.19
600391,航发科技,2024-05-31,16.42,16.94,17.06,16.39,70333,118104266.0,4.1,3.74,0.61,2.13
600391,航发科技,2024-06-03,16.58,16.41,16.85,16.3,54086,89726483.0,3.25,-3.13,-0.53,1.64
600391,航发科技,2024-06-04,16.28,16.26,16.42,16.03,38457,62207401.0,2.38,-0.91,-0.15,1.16
600391,航发科技,2024-06-05,16.26,16.38,16.85,16.15,60317,99987589.0,4.31,0.74,0.12,1.83
600391,航发科技,2024-06-06,16.37,15.64,16.45,15.55,86601,137100250.0,5.49,-4.52,-0.74,2.62
600391,航发科技,2024-06-07,15.77,15.75,15.98,15.6,42799,67524844.0,2.43,0.7,0.11,1.3
600391,航发科技,2024-06-11,15.71,16.12,16.17,15.52,37782,59891045.0,4.13,2.35,0.37,1.14
600391,航发科技,2024-06-12,16.16,16.2,16.37,16.0,47013,76173225.0,2.3,0.5,0.08,1.42
600391,航发科技,2024-06-13,16.15,16.3,16.42,16.07,35615,57848710.0,2.16,0.62,0.1,1.08
600391,航发科技,2024-06-14,16.28,16.16,16.28,15.9,45783,73438009.0,2.33,-0.86,-0.14,1.39
600391,航发科技,2024-06-17,16.28,16.23,16.39,16.1,28939,47111049.0,1.79,0.43,0.07,0.88
600391,航发科技,2024-06-18,16.18,16.34,16.43,16.15,23767,38753081.0,1.73,0.68,0.11,0.72
600391,航发科技,2024-06-19,16.41,16.03,16.47,16.03,29114,47214580.0,2.69,-1.9,-0.31,0.88
600391,航发科技,2024-06-20,15.92,15.5,16.05,15.48,39104,61346587.0,3.56,-3.31,-0.53,1.18
600391,航发科技,2024-06-21,15.63,15.41,15.65,15.32,23297,36005460.0,2.13,-0.58,-0.09,0.71
600391,航发科技,2024-06-24,15.37,14.83,15.47,14.79,39457,59247035.0,4.41,-3.76,-0.58,1.2
600391,航发科技,2024-06-25,14.83,14.85,15.07,14.68,35263,52435175.0,2.63,0.13,0.02,1.07
600391,航发科技,2024-06-26,14.74,15.18,15.2,14.57,33039,49268478.0,4.24,2.22,0.33,1.0
600391,航发科技,2024-06-27,15.15,14.76,15.16,14.76,25119,37455496.0,2.64,-2.77,-0.42,0.76
600391,航发科技,2024-06-28,14.78,15.25,15.41,14.7,56313,85767296.0,4.81,3.32,0.49,1.71
600391,航发科技,2024-07-01,15.2,15.34,15.42,14.99,31210,47443667.0,2.82,0.59,0.09,0.95
600391,航发科技,2024-07-02,15.26,15.16,15.43,15.12,23219,35390927.0,2.02,-1.17,-0.18,0.7
600391,航发科技,2024-07-03,15.19,14.94,15.33,14.83,22317,33417487.0,3.3,-1.45,-0.22,0.68
600391,航发科技,2024-07-04,14.97,14.62,15.1,14.58,28106,41585719.0,3.48,-2.14,-0.32,0.85
600391,航发科技,2024-07-05,14.54,14.65,14.72,14.38,22974,33385565.0,2.33,0.21,0.03,0.7
600391,航发科技,2024-07-08,14.65,14.2,14.67,14.14,30252,43305046.0,3.62,-3.07,-0.45,0.92
600391,航发科技,2024-07-09,14.14,14.34,14.37,13.87,34582,49010278.0,3.52,0.99,0.14,1.05
600391,航发科技,2024-07-10,14.32,14.21,14.45,14.18,22676,32425905.0,1.88,-0.91,-0.13,0.69
600391,航发科技,2024-07-11,14.47,14.65,14.73,14.4,28308,41259038.0,2.32,3.1,0.44,0.86
600391,航发科技,2024-07-12,14.68,14.54,14.68,14.48,19018,27714827.0,1.37,-0.75,-0.11,0.58
600391,航发科技,2024-07-15,14.55,14.32,14.66,14.23,25216,36272703.0,2.96,-1.51,-0.22,0.76
600391,航发科技,2024-07-16,14.23,14.35,14.4,14.18,22512,32195111.0,1.54,0.21,0.03,0.68
600391,航发科技,2024-07-17,14.35,14.24,14.37,14.22,20498,29250041.0,1.05,-0.77,-0.11,0.62
600391,航发科技,2024-07-18,14.16,14.47,14.58,13.93,39300,56076948.0,4.56,1.62,0.23,1.19
600391,航发科技,2024-07-19,14.39,14.8,14.84,14.33,39044,57304902.0,3.52,2.28,0.33,1.18
600391,航发科技,2024-07-22,14.79,14.78,14.96,14.68,32562,48290880.0,1.89,-0.14,-0.02,0.99
600391,航发科技,2024-07-23,14.8,14.32,14.81,14.31,25352,36839032.0,3.38,-3.11,-0.46,0.77
600391,航发科技,2024-07-24,14.3,14.34,14.69,14.22,32107,46242386.0,3.28,0.14,0.02,0.97
600391,航发科技,2024-07-25,14.2,14.62,14.77,14.2,43815,63753820.0,3.97,1.95,0.28,1.33
600391,航发科技,2024-07-26,14.6,15.27,15.32,14.6,70389,106048093.0,4.92,4.45,0.65,2.13
600391,航发科技,2024-07-29,15.31,15.5,15.7,15.28,64872,100726256.0,2.75,1.51,0.23,1.97
600391,航发科技,2024-07-30,15.52,15.62,15.69,15.32,56254,87438715.0,2.39,0.77,0.12,1.7
600391,航发科技,2024-07-31,15.59,15.88,15.93,15.5,59507,93585389.0,2.75,1.66,0.26,1.8
600391,航发科技,2024-08-01,15.9,16.22,16.59,15.77,86658,141049932.0,5.16,2.14,0.34,2.62
600391,航发科技,2024-08-02,16.22,16.24,16.75,16.1,93402,153320594.0,4.01,0.12,0.02,2.83
600391,航发科技,2024-08-05,16.24,15.83,16.68,15.82,81774,132185940.0,5.3,-2.52,-0.41,2.48
600391,航发科技,2024-08-06,15.99,16.41,16.87,15.85,118336,194454443.0,6.44,3.66,0.58,3.58
600391,航发科技,2024-08-07,16.35,17.12,17.36,16.23,184227,312645699.0,6.89,4.33,0.71,5.58
600391,航发科技,2024-08-08,16.73,16.12,16.78,16.0,153215,249507794.0,4.56,-5.84,-1.0,4.64
600391,航发科技,2024-08-09,16.03,15.75,16.22,15.7,71844,114351201.0,3.23,-2.3,-0.37,2.18
600391,航发科技,2024-08-12,15.74,15.48,15.74,15.38,46796,72593241.0,2.29,-1.71,-0.27,1.42
600391,航发科技,2024-08-13,15.5,15.64,15.67,15.38,30157,46892523.0,1.87,1.03,0.16,0.91
600391,航发科技,2024-08-14,15.52,15.41,15.63,15.38,28674,44406496.0,1.6,-1.47,-0.23,0.87
600391,航发科技,2024-08-15,15.38,15.42,15.66,15.26,39996,61828118.0,2.6,0.06,0.01,1.21
600391,航发科技,2024-08-16,15.48,15.12,15.56,15.1,42403,64649716.0,2.98,-1.95,-0.3,1.28
600391,航发科技,2024-08-19,15.02,15.06,15.23,14.93,32758,49434770.0,1.98,-0.4,-0.06,0.99
600391,航发科技,2024-08-20,15.02,14.78,15.06,14.67,35178,52055175.0,2.59,-1.86,-0.28,1.07
600391,航发科技,2024-08-21,14.61,14.63,14.83,14.61,22999,33771703.0,1.49,-1.01,-0.15,0.7
600391,航发科技,2024-08-22,14.69,14.57,14.94,14.5,31559,46227962.0,3.01,-0.41,-0.06,0.96
600391,航发科技,2024-08-23,14.56,14.41,14.73,14.3,30742,44395330.0,2.95,-1.1,-0.16,0.93
600391,航发科技,2024-08-26,14.5,14.48,14.52,14.3,23510,33915255.0,1.53,0.49,0.07,0.71
600391,航发科技,2024-08-27,14.44,14.17,14.46,14.15,25606,36468791.0,2.14,-2.14,-0.31,0.78
600391,航发科技,2024-08-28,14.27,14.24,14.35,14.1,22044,31414508.0,1.76,0.49,0.07,0.67
600391,航发科技,2024-08-29,14.23,14.4,14.56,14.15,36025,52010147.0,2.88,1.12,0.16,1.09
600391,航发科技,2024-08-30,14.5,14.72,14.91,14.37,52042,76350347.0,3.75,2.22,0.32,1.58
600391,航发科技,2024-09-02,14.73,14.44,14.88,14.43,38032,55591390.0,3.06,-1.9,-0.28,1.15
600391,航发科技,2024-09-03,14.5,14.78,14.78,14.5,34989,51347023.0,1.94,2.35,0.34,1.06
600391,航发科技,2024-09-04,14.59,14.61,14.74,14.5,31685,46329189.0,1.62,-1.15,-0.17,0.96
600391,航发科技,2024-09-05,14.51,14.7,14.79,14.51,25210,37043213.0,1.92,0.62,0.09,0.76
600391,航发科技,2024-09-06,14.75,14.48,14.77,14.45,24189,35179331.0,2.18,-1.5,-0.22,0.73
600391,航发科技,2024-09-09,14.46,14.55,14.65,14.38,24476,35603537.0,1.86,0.48,0.07,0.74
600391,航发科技,2024-09-10,14.57,14.58,14.69,14.32,27600,40038821.0,2.54,0.21,0.03,0.84
600391,航发科技,2024-09-11,14.63,14.61,14.64,14.51,22989,33511747.0,0.89,0.21,0.03,0.7
600391,航发科技,2024-09-12,14.61,14.59,14.84,14.58,21405,31444990.0,1.78,-0.14,-0.02,0.65
600391,航发科技,2024-09-13,14.67,14.53,14.67,14.5,18470,26887038.0,1.17,-0.41,-0.06,0.56
600391,航发科技,2024-09-18,14.53,14.71,14.74,14.43,28520,41549992.0,2.13,1.24,0.18,0.86
600391,航发科技,2024-09-19,14.78,15.04,15.06,14.57,46355,68970002.0,3.33,2.24,0.33,1.4
600391,航发科技,2024-09-20,14.99,14.98,15.15,14.83,26769,40066010.0,2.13,-0.4,-0.06,0.81
600391,航发科技,2024-09-23,14.95,15.26,15.34,14.89,36228,55057800.0,3.0,1.87,0.28,1.1
600391,航发科技,2024-09-24,15.32,15.57,15.6,15.19,52773,81447090.0,2.69,2.03,0.31,1.6
600391,航发科技,2024-09-25,15.64,15.62,15.86,15.45,65548,102790673.0,2.63,0.32,0.05,1.99
600391,航发科技,2024-09-26,15.62,15.97,15.97,15.51,57845,91172977.0,2.94,2.24,0.35,1.75
600391,航发科技,2024-09-27,16.25,16.65,16.65,16.23,62525,102768299.0,2.63,4.26,0.68,1.89
600391,航发科技,2024-09-30,17.48,18.1,18.19,17.08,161401,285888873.0,6.67,8.71,1.45,4.89
600391,航发科技,2024-10-08,19.91,19.39,19.91,18.2,207869,400069063.0,9.45,7.13,1.29,6.3
600391,航发科技,2024-10-09,19.16,18.13,19.18,18.13,153394,287619891.0,5.42,-6.5,-1.26,4.65
600391,航发科技,2024-10-10,18.15,18.31,18.99,18.12,119666,222156998.0,4.8,0.99,0.18,3.62
600391,航发科技,2024-10-11,18.31,17.25,18.31,17.0,93219,163241957.0,7.15,-5.79,-1.06,2.82
600391,航发科技,2024-10-14,17.48,18.42,18.44,17.4,133493,240094021.0,6.03,6.78,1.17,4.04
600391,航发科技,2024-10-15,18.27,18.52,19.36,17.91,157845,295184167.0,7.87,0.54,0.1,4.78
600391,航发科技,2024-10-16,18.35,18.81,19.2,18.28,139467,262100663.0,4.97,1.57,0.29,4.22
600391,航发科技,2024-10-17,18.81,18.45,18.92,18.39,103675,193632982.0,2.82,-1.91,-0.36,3.14
600391,航发科技,2024-10-18,18.26,18.72,18.99,18.16,133151,248242543.0,4.5,1.46,0.27,4.03
600391,航发科技,2024-10-21,18.96,19.24,19.48,18.85,146014,281788087.0,3.37,2.78,0.52,4.42
600391,航发科技,2024-10-22,19.25,18.7,19.32,18.57,115290,216445424.0,3.9,-2.81,-0.54,3.49
600391,航发科技,2024-10-23,18.7,20.57,20.57,18.7,215921,433231979.0,10.0,10.0,1.87,6.54
600391,航发科技,2024-10-24,21.41,19.91,21.45,19.66,359124,730833706.0,8.7,-3.21,-0.66,10.88
600391,航发科技,2024-10-25,19.7,20.28,20.49,19.7,226763,457096443.0,3.97,1.86,0.37,6.87
600391,航发科技,2024-10-28,20.3,20.69,20.93,20.15,210191,431140614.0,3.85,2.02,0.41,6.37
600391,航发科技,2024-10-29,20.6,20.05,20.8,20.01,160457,325789368.0,3.82,-3.09,-0.64,4.86
600391,航发科技,2024-10-30,20.0,19.99,20.29,19.83,117572,235722078.0,2.29,-0.3,-0.06,3.56
600391,航发科技,2024-10-31,20.0,20.68,20.85,19.95,186552,383287163.0,4.5,3.45,0.69,5.65
600391,航发科技,2024-11-01,20.45,19.67,20.91,19.67,152370,304701004.0,6.0,-4.88,-1.01,4.62
600391,航发科技,2024-11-04,19.68,20.09,20.2,19.68,91837,183791799.0,2.64,2.14,0.42,2.78
600391,航发科技,2024-11-05,20.13,21.32,21.5,20.13,233525,491070956.0,6.82,6.12,1.23,7.07
600391,航发科技,2024-11-06,21.66,21.26,22.08,21.03,241304,518402660.0,4.92,-0.28,-0.06,7.31
600391,航发科技,2024-11-07,20.9,20.8,21.1,20.39,171744,355858922.0,3.34,-2.16,-0.46,5.2
600391,航发科技,2024-11-08,20.89,21.2,21.36,20.75,184291,388635735.0,2.93,1.92,0.4,5.58
600391,航发科技,2024-11-11,21.42,21.38,21.5,20.92,151807,322509101.0,2.74,0.85,0.18,4.6
600391,航发科技,2024-11-12,21.46,20.77,21.48,20.6,129972,273124807.0,4.12,-2.85,-0.61,3.94
600391,航发科技,2024-11-13,20.88,20.67,21.05,20.37,86611,178528419.0,3.27,-0.48,-0.1,2.62
600391,航发科技,2024-11-14,20.88,20.0,20.88,19.91,83382,168998815.0,4.69,-3.24,-0.67,2.53
600391,航发科技,2024-11-15,19.91,19.12,20.1,19.05,119808,232926446.0,5.25,-4.4,-0.88,3.63
600391,航发科技,2024-11-18,19.08,18.85,19.55,18.6,103329,196474931.0,4.97,-1.41,-0.27,3.13
600391,航发科技,2024-11-19,18.89,19.15,19.34,18.79,63693,121390644.0,2.92,1.59,0.3,1.93
600391,航发科技,2024-11-20,19.16,19.36,19.39,19.03,59194,113893958.0,1.88,1.1,0.21,1.79
600391,航发科技,2024-11-21,19.36,19.33,19.5,19.1,51144,98824643.0,2.07,-0.15,-0.03,1.55
600391,航发科技,2024-11-22,19.24,18.51,19.29,18.5,82572,155948425.0,4.09,-4.24,-0.82,2.5
600391,航发科技,2024-11-25,18.38,18.5,18.57,18.14,54871,100774103.0,2.32,-0.05,-0.01,1.66
600391,航发科技,2024-11-26,18.5,18.54,18.73,18.42,41190,76535611.0,1.68,0.22,0.04,1.25
600391,航发科技,2024-11-27,18.47,18.89,18.9,18.08,60166,111559463.0,4.42,1.89,0.35,1.82
600391,航发科技,2024-11-28,18.87,18.7,19.16,18.68,52151,98423636.0,2.54,-1.01,-0.19,1.58
600391,航发科技,2024-11-29,18.69,18.93,19.05,18.56,52288,98511848.0,2.62,1.23,0.23,1.58
600391,航发科技,2024-12-02,18.96,19.03,19.14,18.82,58284,110666637.0,1.69,0.53,0.1,1.77
600391,航发科技,2024-12-03,19.1,18.93,19.11,18.74,48183,91031511.0,1.94,-0.53,-0.1,1.46
600391,航发科技,2024-12-04,18.87,18.67,18.98,18.6,42529,79891450.0,2.01,-1.37,-0.26,1.29
600391,航发科技,2024-12-05,18.62,18.88,19.02,18.57,38717,72753103.0,2.41,1.12,0.21,1.17
600391,航发科技,2024-12-06,18.94,18.99,19.07,18.68,46812,88479802.0,2.07,0.58,0.11,1.42
600391,航发科技,2024-12-09,19.01,18.74,19.05,18.51,44327,83172139.0,2.84,-1.32,-0.25,1.34
600391,航发科技,2024-12-10,19.2,18.98,19.4,18.96,69049,131915124.0,2.35,1.28,0.24,2.09
600391,航发科技,2024-12-11,18.95,19.02,19.1,18.91,46228,87853427.0,1.0,0.21,0.04,1.4
600391,航发科技,2024-12-12,19.06,19.24,19.35,19.0,73618,141591325.0,1.84,1.16,0.22,2.23
600391,航发科技,2024-12-13,19.17,18.62,19.17,18.62,87304,164224450.0,2.86,-3.22,-0.62,2.64
600391,航发科技,2024-12-16,18.62,18.45,18.72,18.4,49972,92676348.0,1.72,-0.91,-0.17,1.51
600391,航发科技,2024-12-17,18.5,18.13,18.57,18.07,66451,121539462.0,2.71,-1.73,-0.32,2.01
600391,航发科技,2024-12-18,18.19,18.4,18.46,18.08,46519,85331184.0,2.1,1.49,0.27,1.41
600391,航发科技,2024-12-19,18.23,18.38,18.45,18.1,35782,65480412.0,1.9,-0.11,-0.02,1.08
600391,航发科技,2024-12-20,18.38,18.55,18.62,18.28,37311,69072674.0,1.85,0.92,0.17,1.13
600391,航发科技,2024-12-23,18.43,18.11,18.55,18.08,49110,89725164.0,2.53,-2.37,-0.44,1.49
600391,航发科技,2024-12-24,18.11,18.23,18.38,18.05,32738,59603160.0,1.82,0.66,0.12,0.99
600391,航发科技,2024-12-25,18.2,18.0,18.23,17.86,37767,68022297.0,2.03,-1.26,-0.23,1.14
600391,航发科技,2024-12-26,18.06,19.8,19.8,18.06,243817,480805553.0,9.67,10.0,1.8,7.39
600391,航发科技,2024-12-27,21.78,21.78,21.78,21.78,72455,157807077.0,0.0,10.0,1.98,2.19
600391,航发科技,2024-12-30,22.0,20.9,22.76,20.8,625546,1357324411.0,9.0,-4.04,-0.88,18.95
600391,航发科技,2024-12-31,21.0,19.85,21.28,19.8,382278,772855524.0,7.08,-5.02,-1.05,11.58
600391,航发科技,2025-01-02,19.88,18.75,20.2,18.61,297117,576289737.0,8.01,-5.54,-1.1,9.0
600391,航发科技,2025-01-03,18.75,17.96,19.29,17.96,239536,445212982.0,7.09,-4.21,-0.79,7.26
600391,航发科技,2025-01-06,17.8,17.57,18.13,17.35,155415,274628335.0,4.34,-2.17,-0.39,4.71
600391,航发科技,2025-01-07,17.57,18.12,18.12,17.48,138197,245807190.0,3.64,3.13,0.55,4.19
600391,航发科技,2025-01-08,17.8,17.76,18.06,17.2,139987,247785297.0,4.75,-1.99,-0.36,4.24
600391,航发科技,2025-01-09,17.65,18.64,18.85,17.59,220044,406264979.0,7.09,4.95,0.88,6.67
600391,航发科技,2025-01-10,18.39,18.01,18.82,18.01,117941,217366119.0,4.35,-3.38,-0.63,3.57
600391,航发科技,2025-01-13,17.71,17.68,18.14,17.43,106012,188413946.0,3.94,-1.83,-0.33,3.21
600391,航发科技,2025-01-14,17.76,18.42,18.49,17.75,119882,218801828.0,4.19,4.19,0.74,3.63
600391,航发科技,2025-01-15,18.42,18.06,18.49,18.0,89290,162587331.0,2.66,-1.95,-0.36,2.7
600391,航发科技,2025-01-16,18.18,17.97,18.5,17.82,97047,175562970.0,3.77,-0.5,-0.09,2.94
600391,航发科技,2025-01-17,17.97,18.31,18.63,17.8,121319,221810809.0,4.62,1.89,0.34,3.67
600391,航发科技,2025-01-20,18.33,18.46,18.52,18.16,77489,142722524.0,1.97,0.82,0.15,2.35
600391,航发科技,2025-01-21,18.5,18.26,18.6,18.08,62609,114277219.0,2.82,-1.08,-0.2,1.9
600391,航发科技,2025-01-22,18.2,18.09,18.24,17.88,55562,100265010.0,1.97,-0.93,-0.17,1.68
600391,航发科技,2025-01-23,18.19,17.81,18.41,17.81,83374,151261202.0,3.32,-1.55,-0.28,2.53
600391,航发科技,2025-01-24,17.8,17.98,18.0,17.66,63846,114047122.0,1.91,0.95,0.17,1.93
600391,航发科技,2025-01-27,18.07,17.8,18.2,17.78,54476,97658097.0,2.34,-1.0,-0.18,1.65
600391,航发科技,2025-02-05,17.83,17.97,18.08,17.7,57456,103031456.0,2.13,0.96,0.17,1.74
600391,航发科技,2025-02-06,17.94,18.51,18.53,17.85,96545,177129725.0,3.78,3.01,0.54,2.92
600391,航发科技,2025-02-07,18.51,18.57,18.76,18.3,104323,193913885.0,2.49,0.32,0.06,3.16
600391,航发科技,2025-02-10,18.72,18.83,18.87,18.57,85911,161073068.0,1.62,1.4,0.26,2.6
600391,航发科技,2025-02-11,18.75,18.72,18.89,18.51,63037,117898311.0,2.02,-0.58,-0.11,1.91
600391,航发科技,2025-02-12,18.72,18.95,19.02,18.67,73852,139418280.0,1.87,1.23,0.23,2.24
600391,航发科技,2025-02-13,19.0,19.2,19.55,18.99,128744,248832950.0,2.96,1.32,0.25,3.9
600391,航发科技,2025-02-14,19.1,18.92,19.17,18.75,81145,153421772.0,2.19,-1.46,-0.28,2.46
600391,航发科技,2025-02-17,18.83,18.91,19.03,18.71,73713,139023255.0,1.69,-0.05,-0.01,2.23
600391,航发科技,2025-02-18,18.78,18.45,19.04,18.29,82456,153801015.0,3.97,-2.43,-0.46,2.5
600391,航发科技,2025-02-19,18.38,18.6,18.6,18.3,59556,110124579.0,1.63,0.81,0.15,1.8
600391,航发科技,2025-02-20,18.6,19.61,19.84,18.4,192942,372338238.0,7.74,5.43,1.01,5.84
600391,航发科技,2025-02-21,19.42,19.45,19.58,19.25,109440,212241958.0,1.68,-0.82,-0.16,3.32
600391,航发科技,2025-02-24,19.61,19.6,19.85,19.45,108584,213422441.0,2.06,0.77,0.15,3.29
600391,航发科技,2025-02-25,19.4,19.39,19.65,19.3,65966,128367950.0,1.79,-1.07,-0.21,2.0
600391,航发科技,2025-02-26,19.29,19.54,19.8,19.29,78383,153495734.0,2.63,0.77,0.15,2.37
600391,航发科技,2025-02-27,19.51,19.36,19.61,19.01,79695,153574095.0,3.07,-0.92,-0.18,2.41
600391,航发科技,2025-02-28,19.59,19.76,20.15,19.22,202029,399434539.0,4.8,2.07,0.4,6.12
600391,航发科技,2025-03-03,19.76,19.46,20.14,19.29,167612,330876729.0,4.3,-1.52,-0.3,5.08
600391,航发科技,2025-03-04,19.3,20.74,21.41,19.3,406034,850493828.0,10.84,6.58,1.28,12.3
600391,航发科技,2025-03-05,20.2,20.4,20.94,20.18,267300,546772965.0,3.66,-1.64,-0.34,8.1
600391,航发科技,2025-03-06,20.41,20.25,20.42,20.0,178802,362174203.0,2.06,-0.74,-0.15,5.42
600391,航发科技,2025-03-07,20.26,20.43,21.15,20.19,228698,472845310.0,4.74,0.89,0.18,6.93
600391,航发科技,2025-03-10,20.55,20.58,20.97,20.45,141943,293374699.0,2.55,0.73,0.15,4.3
600391,航发科技,2025-03-11,20.32,21.3,21.57,20.26,226605,477485408.0,6.37,3.5,0.72,6.86
600391,航发科技,2025-03-12,21.4,21.15,21.87,21.1,173117,370429493.0,3.62,-0.7,-0.15,5.24
600391,航发科技,2025-03-13,21.02,21.1,21.35,20.74,152511,320104589.0,2.88,-0.24,-0.05,4.62
600391,航发科技,2025-03-14,21.08,20.8,21.15,20.4,130225,269547870.0,3.55,-1.42,-0.3,3.94
600391,航发科技,2025-03-17,20.8,20.52,20.83,20.5,91029,187519935.0,1.59,-1.35,-0.28,2.76
600391,航发科技,2025-03-18,20.58,20.57,20.77,20.41,78531,161543867.0,1.75,0.24,0.05,2.38
600391,航发科技,2025-03-19,20.43,20.61,20.75,20.32,79832,164431426.0,2.09,0.19,0.04,2.42
600391,航发科技,2025-03-20,20.5,20.85,21.1,20.29,129850,270020978.0,3.93,1.16,0.24,3.93
600391,航发科技,2025-03-21,20.69,20.39,20.98,20.36,93852,193429321.0,2.97,-2.21,-0.46,2.84
600391,航发科技,2025-03-24,20.4,19.96,20.55,19.45,122624,244363552.0,5.39,-2.11,-0.43,3.71
600391,航发科技,2025-03-25,19.94,20.15,20.89,19.86,142537,291109184.0,5.16,0.95,0.19,4.32
600391,航发科技,2025-03-26,19.99,20.59,21.03,19.98,144509,298492886.0,5.21,2.18,0.44,4.38
600391,航发科技,2025-03-27,20.5,20.68,21.26,20.25,139682,290781818.0,4.91,0.44,0.09,4.23
600391,航发科技,2025-03-28,20.56,20.66,20.82,20.2,100914,207180685.0,3.0,-0.1,-0.02,3.06
600391,航发科技,2025-03-31,20.4,20.26,20.59,19.7,120264,241590110.0,4.31,-1.94,-0.4,3.64
600391,航发科技,2025-04-01,20.27,21.34,21.6,20.27,233378,492889935.0,6.56,5.33,1.08,7.07
600391,航发科技,2025-04-02,21.13,21.0,21.25,20.71,123613,258885069.0,2.53,-1.59,-0.34,3.74
600391,航发科技,2025-04-03,20.8,21.2,21.34,20.7,110285,232333916.0,3.05,0.95,0.2,3.34
600391,航发科技,2025-04-07,20.38,20.39,21.64,19.82,311757,649115341.0,8.58,-3.82,-0.81,9.44
600391,航发科技,2025-04-08,20.4,20.06,21.28,19.63,211552,430853895.0,8.09,-1.62,-0.33,6.41
600391,航发科技,2025-04-09,19.59,22.07,22.07,19.1,421027,896611488.0,14.81,10.02,2.01,12.75
600391,航发科技,2025-04-10,22.43,23.35,23.86,22.12,519051,1189272856.0,7.88,5.8,1.28,15.72
600391,航发科技,2025-04-11,22.7,23.01,23.45,22.69,304354,701661128.0,3.25,-1.46,-0.34,9.22
600391,航发科技,2025-04-14,22.98,23.1,23.82,22.88,239521,555347862.0,4.09,0.39,0.09,7.26
600391,航发科技,2025-04-15,23.1,22.94,24.26,22.75,227779,531530011.0,6.54,-0.69,-0.16,6.9
600391,航发科技,2025-04-16,24.5,23.68,25.23,23.5,459354,1125924405.0,7.54,3.23,0.74,13.91
600391,航发科技,2025-04-17,23.3,26.05,26.05,23.3,541927,1373746640.0,11.61,10.01,2.37,16.42
600391,航发科技,2025-04-18,25.49,24.21,25.98,24.2,447647,1115754504.0,6.83,-7.06,-1.84,13.56
600391,航发科技,2025-04-21,24.95,26.63,26.63,24.94,261529,687186207.0,6.98,10.0,2.42,7.92
600391,航发科技,2025-04-22,26.67,27.56,28.82,26.35,661448,1827567361.0,9.28,3.49,0.93,20.04
600391,航发科技,2025-04-23,26.51,24.92,26.75,24.91,549592,1406474949.0,6.68,-9.58,-2.64,16.65
600391,航发科技,2025-04-24,24.58,25.09,25.55,24.0,432655,1070623972.0,6.22,0.68,0.17,13.11
600391,航发科技,2025-04-25,24.7,24.06,24.8,23.75,310103,746665106.0,4.18,-4.11,-1.03,9.39
600391,航发科技,2025-04-28,23.7,23.55,23.97,23.09,208647,489348117.0,3.66,-2.12,-0.51,6.32
600391,航发科技,2025-04-29,23.6,23.61,23.78,23.2,149032,350526316.0,2.46,0.25,0.06,4.51
600391,航发科技,2025-04-30,23.64,24.59,24.92,23.5,259722,631685751.0,6.01,4.15,0.98,7.87
600391,航发科技,2025-05-06,24.4,24.96,24.96,24.24,212980,525497575.0,2.93,1.5,0.37,6.45
600391,航发科技,2025-05-07,25.42,26.09,27.08,25.2,388198,1011877086.0,7.53,4.53,1.13,11.76
600391,航发科技,2025-05-08,25.83,26.19,26.61,25.4,309655,805777885.0,4.64,0.38,0.1,9.38
600391,航发科技,2025-05-09,26.1,25.24,26.1,24.94,252344,639583874.0,4.43,-3.63,-0.95,7.64
600391,航发科技,2025-05-12,25.18,26.5,27.36,25.08,364468,961485962.0,9.03,4.99,1.26,11.04
600391,航发科技,2025-05-13,26.35,25.68,26.66,25.59,226327,588779504.0,4.04,-3.09,-0.82,6.86
600391,航发科技,2025-05-14,25.6,25.1,26.02,25.0,169505,428932221.0,3.97,-2.26,-0.58,5.13
600391,航发科技,2025-05-15,25.0,24.12,25.09,24.1,159204,389585161.0,3.94,-3.9,-0.98,4.82
600391,航发科技,2025-05-16,24.08,24.43,24.99,24.08,124692,306018865.0,3.77,1.29,0.31,3.78
600391,航发科技,2025-05-19,24.52,24.35,24.77,24.12,102055,248816812.0,2.66,-0.33,-0.08,3.09
600391,航发科技,2025-05-20,24.3,24.34,25.32,24.0,157931,387484622.0,5.42,-0.04,-0.01,4.78
600391,航发科技,2025-05-21,24.16,23.91,24.25,23.62,126367,301551606.0,2.59,-1.77,-0.43,3.83
600391,航发科技,2025-05-22,23.71,23.7,24.13,23.6,84523,201631441.0,2.22,-0.88,-0.21,2.56
600391,航发科技,2025-05-23,23.53,23.33,23.76,23.31,72099,169493113.0,1.9,-1.56,-0.37,2.18
600391,航发科技,2025-05-26,23.23,23.4,23.42,23.11,72777,169437676.0,1.33,0.3,0.07,2.2
600391,航发科技,2025-05-27,23.36,23.1,23.37,23.0,67438,156104605.0,1.58,-1.28,-0.3,2.04
600391,航发科技,2025-05-28,23.36,22.82,23.47,22.75,87748,202394071.0,3.12,-1.21,-0.28,2.66
600391,航发科技,2025-05-29,22.83,25.1,25.1,22.75,298712,720843651.0,10.3,9.99,2.28,9.05
600391,航发科技,2025-05-30,25.3,26.5,27.51,25.3,533700,1411295183.0,8.8,5.58,1.4,16.17
600391,航发科技,2025-06-03,26.82,26.35,27.37,25.91,363013,964838157.0,5.51,-0.57,-0.15,11.0
600391,航发科技,2025-06-04,26.0,26.25,26.65,25.98,219938,576877097.0,2.54,-0.38,-0.1,6.66
600391,航发科技,2025-06-05,26.3,27.42,28.83,25.7,428228,1169940292.0,11.92,4.46,1.17,12.97
600391,航发科技,2025-06-06,27.64,26.42,27.99,26.4,262536,708336107.0,5.8,-3.65,-1.0,7.95
600391,航发科技,2025-06-09,26.61,26.35,27.5,26.2,210854,561129814.0,4.92,-0.26,-0.07,6.39
600391,航发科技,2025-06-10,26.3,25.76,26.3,25.43,158374,408451986.0,3.3,-2.24,-0.59,4.8
600391,航发科技,2025-06-11,25.73,25.62,25.85,25.45,109712,281452059.0,1.55,-0.54,-0.14,3.32
600391,航发科技,2025-06-12,25.4,25.55,25.74,25.3,103090,262600693.0,1.72,-0.27,-0.07,3.12
600391,航发科技,2025-06-13,26.12,25.8,26.42,25.34,276809,715216543.0,4.23,0.98,0.25,8.38
600391,航发科技,2025-06-16,25.71,25.38,25.71,25.17,135178,343623718.0,2.09,-1.63,-0.42,4.09
600391,航发科技,2025-06-17,25.42,26.3,26.47,25.28,218590,567705920.0,4.69,3.62,0.92,6.62
600391,航发科技,2025-06-18,26.14,25.86,26.43,25.66,158755,412274181.0,2.93,-1.67,-0.44,4.81
600391,航发科技,2025-06-19,25.55,24.76,25.59,24.54,161994,403587818.0,4.06,-4.25,-1.1,4.91
600391,航发科技,2025-06-20,24.5,24.43,24.85,24.36,84947,208624125.0,1.98,-1.33,-0.33,2.57
600391,航发科技,2025-06-23,24.41,25.01,25.14,24.38,107825,267929397.0,3.11,2.37,0.58,3.27
600391,航发科技,2025-06-24,24.7,24.9,25.13,24.43,100069,248562514.0,2.8,-0.44,-0.11,3.03
600391,航发科技,2025-06-25,24.88,27.39,27.39,24.88,352951,943111259.0,10.08,10.0,2.49,10.69
600391,航发科技,2025-06-26,27.92,28.02,29.16,27.21,512994,1447188095.0,7.12,2.3,0.63,15.54
600391,航发科技,2025-06-27,28.19,29.05,30.29,28.03,420400,1223289032.0,8.07,3.68,1.03,12.73
600391,航发科技,2025-06-30,29.01,29.2,30.34,28.85,441241,1299838923.0,5.13,0.52,0.15,13.37
600391,航发科技,2025-07-01,29.1,28.95,29.16,28.44,289675,833855258.0,2.47,-0.86,-0.25,8.77
600391,航发科技,2025-07-02,28.82,27.82,28.92,27.71,227542,642032003.0,4.18,-3.9,-1.13,6.89
600391,航发科技,2025-07-03,27.82,27.59,28.39,27.39,140359,388964476.0,3.59,-0.83,-0.23,4.25
600391,航发科技,2025-07-04,27.6,27.48,27.86,27.3,150025,413795957.0,2.03,-0.4,-0.11,4.54
600391,航发科技,2025-07-07,27.32,27.46,27.72,27.15,115328,316959835.0,2.07,-0.07,-0.02,3.49
600391,航发科技,2025-07-08,27.43,27.62,27.62,27.1,151645,415017855.0,1.89,0.58,0.16,4.59
600391,航发科技,2025-07-09,27.65,27.65,28.39,27.51,257756,718780358.0,3.19,0.11,0.03,7.81
600391,航发科技,2025-07-10,27.3,27.44,27.58,27.15,128330,351063929.0,1.56,-0.76,-0.21,3.89
600391,航发科技,2025-07-11,27.46,28.06,28.29,27.32,209632,585601738.0,3.53,2.26,0.62,6.35
600391,航发科技,2025-07-14,28.08,27.98,28.35,27.8,135990,381187113.0,1.96,-0.29,-0.08,4.12
600391,航发科技,2025-07-15,27.72,27.51,28.09,27.34,121397,334268404.0,2.68,-1.68,-0.47,3.68
600391,航发科技,2025-07-16,27.51,27.24,27.72,27.05,128019,350378579.0,2.44,-0.98,-0.27,3.88
600391,航发科技,2025-07-17,27.3,28.96,28.99,27.16,308011,870651534.0,6.72,6.31,1.72,9.33
600391,航发科技,2025-07-18,29.0,28.9,29.13,28.35,224882,647191196.0,2.69,-0.21,-0.06,6.81
600391,航发科技,2025-07-21,28.79,28.79,28.96,28.5,144137,414291069.0,1.59,-0.38,-0.11,4.37
600391,航发科技,2025-07-22,28.62,28.53,29.09,28.29,158967,455559858.0,2.78,-0.9,-0.26,4.82
600391,航发科技,2025-07-23,28.24,28.1,28.47,27.76,112385,316647209.0,2.49,-1.51,-0.43,3.4
600391,航发科技,2025-07-24,28.09,28.46,28.6,28.08,123411,349955268.0,1.85,1.28,0.36,3.74
600391,航发科技,2025-07-25,28.38,28.55,29.19,28.27,160248,458554182.0,3.23,0.32,0.09,4.85
600391,航发科技,2025-07-28,28.56,29.12,29.49,28.49,189656,551409805.0,3.5,2.0,0.57,5.74
600391,航发科技,2025-07-29,28.86,32.03,32.03,28.55,361606,1102230515.0,11.95,9.99,2.91,10.95
600391,航发科技,2025-07-30,33.0,32.26,35.22,32.03,596894,1977440567.0,9.96,0.72,0.23,18.08
600391,航发科技,2025-07-31,32.5,31.48,32.77,31.34,372409,1189650308.0,4.43,-2.42,-0.78,11.28
600391,航发科技,2025-08-01,31.57,30.8,31.7,30.0,224248,690614486.0,5.4,-2.16,-0.68,6.79
600391,航发科技,2025-08-04,30.63,32.21,32.4,30.5,387417,1235845632.0,6.17,4.58,1.41,11.74
600391,航发科技,2025-08-05,32.0,31.5,32.3,31.24,274628,868416586.0,3.29,-2.2,-0.71,8.32
600391,航发科技,2025-08-06,31.37,32.99,32.99,31.34,351418,1141000862.0,5.24,4.73,1.49,10.64
600391,航发科技,2025-08-07,32.69,32.31,32.69,31.61,263231,844917722.0,3.27,-2.06,-0.68,7.97
600391,航发科技,2025-08-08,31.99,31.91,32.8,31.8,161417,518532766.0,3.1,-1.24,-0.4,4.89
600391,航发科技,2025-08-11,31.78,31.89,32.2,31.34,163665,521046741.0,2.7,-0.06,-0.02,4.96
600391,航发科技,2025-08-12,31.83,31.04,31.94,30.8,179048,557526261.0,3.57,-2.67,-0.85,5.42
600391,航发科技,2025-08-13,31.03,31.49,31.8,31.03,168784,530295021.0,2.48,1.45,0.45,5.11
600391,航发科技,2025-08-14,31.49,30.1,31.49,29.87,253257,771694996.0,5.14,-4.41,-1.39,7.67
600391,航发科技,2025-08-15,30.06,30.37,30.55,29.9,119886,363359071.0,2.16,0.9,0.27,3.63
600391,航发科技,2025-08-18,30.5,31.28,31.38,30.37,202035,627949493.0,3.33,3.0,0.91,6.12
600391,航发科技,2025-08-19,31.31,30.47,31.32,30.34,172389,527670773.0,3.13,-2.59,-0.81,5.22
600391,航发科技,2025-08-20,30.35,31.62,32.34,30.25,272966,857616859.0,6.86,3.77,1.15,8.27
600391,航发科技,2025-08-21,31.3,31.46,32.41,31.26,196024,622364373.0,3.64,-0.51,-0.16,5.94
600391,航发科技,2025-08-22,31.48,32.25,32.34,30.58,239494,753638287.0,5.59,2.51,0.79,7.25
600391,航发科技,2025-08-25,32.33,32.61,33.25,31.83,265980,863797348.0,4.4,1.12,0.36,8.06
600391,航发科技,2025-08-26,32.29,31.64,32.29,31.6,169870,539963284.0,2.12,-2.97,-0.97,5.15
600391,航发科技,2025-08-27,31.36,31.0,32.22,31.0,191325,602224994.0,3.86,-2.02,-0.64,5.8
600391,航发科技,2025-08-28,30.88,31.03,31.5,29.53,182280,555751728.0,6.35,0.1,0.03,5.52
600391,航发科技,2025-08-29,30.8,31.77,31.82,30.66,192383,601773238.0,3.74,2.38,0.74,5.83
600391,航发科技,2025-09-01,31.61,31.26,31.65,30.73,156846,488142268.0,2.9,-1.61,-0.51,4.75
600391,航发科技,2025-09-02,31.32,30.33,31.32,29.9,141255,427868303.0,4.54,-2.98,-0.93,4.28
600391,航发科技,2025-09-03,30.35,27.31,30.4,27.3,225610,641533856.0,10.22,-9.96,-3.02,6.83
600391,航发科技,2025-09-04,26.88,26.08,27.27,25.52,201348,530942129.0,6.41,-4.5,-1.23,6.1
600391,航发科技,2025-09-05,26.1,25.97,26.35,25.65,143996,373977529.0,2.68,-0.42,-0.11,4.36
600391,航发科技,2025-09-08,25.98,26.08,26.2,25.7,111719,289968825.0,1.93,0.42,0.11,3.38
600391,航发科技,2025-09-09,26.08,25.2,26.1,25.08,111653,284891251.0,3.91,-3.37,-0.88,3.38
600391,航发科技,2025-09-10,25.2,25.45,25.86,25.2,80241,205200651.0,2.62,0.99,0.25,2.43
600391,航发科技,2025-09-11,25.5,25.85,25.91,25.28,77941,200139316.0,2.48,1.57,0.4,2.36
600391,航发科技,2025-09-12,25.86,26.04,26.38,25.7,131003,341494241.0,2.63,0.74,0.19,3.97
600391,航发科技,2025-09-15,25.99,25.61,25.99,25.48,86408,222180175.0,1.96,-1.65,-0.43,2.62
600391,航发科技,2025-09-16,25.58,25.66,25.72,25.34,62998,160848690.0,1.48,0.2,0.05,1.91
600391,航发科技,2025-09-17,25.8,26.33,26.45,25.66,111376,291683048.0,3.08,2.61,0.67,3.37
600391,航发科技,2025-09-18,26.33,26.34,27.45,26.06,146937,393153240.0,5.28,0.04,0.01,4.45
600391,航发科技,2025-09-19,26.32,26.7,27.3,26.26,140585,377092582.0,3.95,1.37,0.36,4.26
600391,航发科技,2025-09-22,26.7,26.74,26.88,26.2,78934,208734448.0,2.55,0.15,0.04,2.39
600391,航发科技,2025-09-23,26.63,26.43,26.96,25.68,109413,287075749.0,4.79,-1.16,-0.31,3.31
600391,航发科技,2025-09-24,26.25,26.43,26.7,25.99,84356,222582183.0,2.69,0.0,0.0,2.56
600391,航发科技,2025-09-25,26.42,25.89,26.42,25.81,79252,205968390.0,2.31,-2.04,-0.54,2.4
600391,航发科技,2025-09-26,25.88,27.0,27.49,25.76,197946,532512420.0,6.68,4.29,1.11,6.0
600391,航发科技,2025-09-29,26.75,26.77,27.0,26.03,97062,258744157.0,3.59,-0.85,-0.23,2.94
600391,航发科技,2025-09-30,27.17,28.43,28.6,26.86,254114,711168162.0,6.5,6.2,1.66,7.7
600391,航发科技,2025-10-09,28.08,28.19,28.28,27.43,156459,436709643.0,2.99,-0.84,-0.24,4.74
600391,航发科技,2025-10-10,28.1,28.07,28.35,27.86,107954,303382385.0,1.74,-0.43,-0.12,3.27
600391,航发科技,2025-10-13,27.63,29.44,29.49,27.52,240477,696438373.0,7.02,4.88,1.37,7.28
600391,航发科技,2025-10-14,29.01,28.78,29.67,28.6,150559,437132325.0,3.63,-2.24,-0.66,4.56
600391,航发科技,2025-10-15,28.6,29.09,29.15,28.0,111293,318295066.0,4.0,1.08,0.31,3.37
600391,航发科技,2025-10-16,29.1,28.68,29.75,28.53,133114,389023524.0,4.19,-1.41,-0.41,4.03
600391,航发科技,2025-10-17,28.44,27.19,28.76,27.04,129139,358578829.0,6.0,-5.2,-1.49,3.91
600391,航发科技,2025-10-20,27.37,27.12,27.63,26.78,96997,262803165.0,3.13,-0.26,-0.07,2.94
600391,航发科技,2025-10-21,27.11,27.19,27.58,26.8,67607,184197895.0,2.88,0.26,0.07,2.05
600391,航发科技,2025-10-22,27.15,27.07,27.39,26.92,56598,153478094.0,1.73,-0.44,-0.12,1.71
600391,航发科技,2025-10-23,27.17,27.09,27.17,26.27,63744,170500319.0,3.32,0.07,0.02,1.93
600391,航发科技,2025-10-24,27.56,27.55,28.18,27.36,111877,310629687.0,3.03,1.7,0.46,3.39
600391,航发科技,2025-10-27,27.54,27.3,27.97,27.17,81002,222127110.0,2.9,-0.91,-0.25,2.45
600391,航发科技,2025-10-28,27.3,27.58,27.82,27.06,82915,228497938.0,2.78,1.03,0.28,2.51
600391,航发科技,2025-10-29,27.5,27.38,27.56,27.12,58830,160662809.0,1.6,-0.73,-0.2,1.78
600391,航发科技,2025-10-30,27.37,26.81,27.37,26.59,89486,241004657.0,2.85,-2.08,-0.57,2.71
600391,航发科技,2025-10-31,26.8,26.84,27.28,26.65,48255,130126001.0,2.35,0.11,0.03,1.46
600391,航发科技,2025-11-03,26.91,26.65,27.0,26.34,55992,148774055.0,2.46,-0.71,-0.19,1.7
600391,航发科技,2025-11-04,26.61,26.4,26.7,26.13,41813,110412697.0,2.14,-0.94,-0.25,1.27
600391,航发科技,2025-11-05,26.02,26.58,26.77,25.98,48806,128974808.0,2.99,0.68,0.18,1.48
600391,航发科技,2025-11-06,26.52,29.24,29.24,26.52,258589,738011528.0,10.23,10.01,2.66,7.83
600391,航发科技,2025-11-07,28.91,28.79,29.23,28.42,223364,642851075.0,2.77,-1.54,-0.45,6.77
600391,航发科技,2025-11-10,28.9,28.75,28.95,28.28,118696,339609169.0,2.33,-0.14,-0.04,3.6
600391,航发科技,2025-11-11,28.75,28.66,28.95,28.5,89596,256659411.0,1.57,-0.31,-0.09,2.71
600391,航发科技,2025-11-12,28.6,27.3,28.62,27.0,140250,385444343.0,5.65,-4.75,-1.36,4.25
600391,航发科技,2025-11-13,27.23,27.37,27.68,27.05,66028,180974793.0,2.31,0.26,0.07,2.0
600391,航发科技,2025-11-14,27.46,26.98,27.67,26.98,75596,206089503.0,2.52,-1.42,-0.39,2.29
600391,航发科技,2025-11-17,27.59,28.04,28.06,27.3,156959,435895398.0,2.82,3.93,1.06,4.75
600391,航发科技,2025-11-18,27.85,27.11,27.86,27.06,86249,235077243.0,2.85,-3.32,-0.93,2.61
600391,航发科技,2025-11-19,27.0,27.41,27.66,26.75,92333,251950958.0,3.36,1.11,0.3,2.8
600391,航发科技,2025-11-20,27.48,27.03,27.49,26.9,52270,141740993.0,2.15,-1.39,-0.38,1.58
600391,航发科技,2025-11-21,26.79,26.61,27.37,26.05,81846,217788233.0,4.88,-1.55,-0.42,2.48
600391,航发科技,2025-11-24,26.56,27.62,27.68,26.55,116320,317586700.0,4.25,3.8,1.01,3.52
600391,航发科技,2025-11-25,27.7,27.44,27.7,27.21,88785,243295377.0,1.77,-0.65,-0.18,2.69
600391,航发科技,2025-11-26,27.47,26.73,27.47,26.67,80660,216647158.0,2.92,-2.59,-0.71,2.44
600391,航发科技,2025-11-27,26.76,26.66,26.85,26.6,42195,112732636.0,0.94,-0.26,-0.07,1.28
600391,航发科技,2025-11-28,26.85,26.78,26.9,26.43,44480,118545720.0,1.76,0.45,0.12,1.35
600391,航发科技,2025-12-01,26.98,27.06,27.26,26.91,56134,152104029.0,1.31,1.05,0.28,1.7
600391,航发科技,2025-12-02,27.06,26.69,27.06,26.65,41467,110929243.0,1.52,-1.37,-0.37,1.26
600391,航发科技,2025-12-03,26.71,26.03,26.8,25.9,70583,184430178.0,3.37,-2.47,-0.66,2.14
600391,航发科技,2025-12-04,25.95,26.39,26.7,25.88,55606,146729194.0,3.15,1.38,0.36,1.68
600391,航发科技,2025-12-05,26.45,26.98,26.99,26.12,70956,189744050.0,3.3,2.24,0.59,2.15
600391,航发科技,2025-12-08,27.29,27.84,29.08,27.25,217686,613742543.0,6.78,3.19,0.86,6.59
600391,航发科技,2025-12-09,27.4,27.64,27.97,27.4,96244,266517414.0,2.05,-0.72,-0.2,2.92
600391,航发科技,2025-12-10,27.5,27.99,28.48,27.48,101448,283550963.0,3.62,1.27,0.35,3.07
600391,航发科技,2025-12-11,28.47,28.54,29.05,28.02,213105,608803135.0,3.68,1.96,0.55,6.46
600391,航发科技,2025-12-12,28.41,28.78,29.38,28.24,222411,640866890.0,3.99,0.84,0.24,6.74
600391,航发科技,2025-12-15,28.54,29.2,29.48,28.39,219540,637304209.0,3.79,1.46,0.42,6.65
600391,航发科技,2025-12-16,28.94,28.76,29.2,27.9,164042,469174082.0,4.45,-1.51,-0.44,4.97
600391,航发科技,2025-12-17,28.5,28.38,28.97,27.72,135631,383255877.0,4.35,-1.32,-0.38,4.11
600391,航发科技,2025-12-18,28.23,28.51,29.18,28.21,131905,378874027.0,3.42,0.46,0.13,4.0
600391,航发科技,2025-12-19,28.53,31.36,31.36,28.53,431535,1319723854.0,9.93,10.0,2.85,13.07
600391,航发科技,2025-12-22,31.45,33.0,33.65,31.38,579516,1883627212.0,7.24,5.23,1.64,17.55
600391,航发科技,2025-12-23,32.56,32.45,33.35,31.7,331120,1071395626.0,5.0,-1.67,-0.55,10.03
600391,航发科技,2025-12-24,31.87,33.2,34.41,31.86,315182,1053041639.0,7.86,2.31,0.75,9.55
600391,航发科技,2025-12-25,33.21,36.52,36.52,33.0,430133,1529925785.0,10.6,10.0,3.32,13.03
600391,航发科技,2025-12-26,36.28,36.86,38.0,35.37,562259,2062914274.0,7.2,0.93,0.34,17.03
600391,航发科技,2025-12-29,36.21,35.38,36.49,34.88,335427,1186773676.0,4.37,-4.02,-1.48,10.16
600391,航发科技,2025-12-30,34.89,33.73,35.1,33.4,330506,1128291638.0,4.8,-4.66,-1.65,10.01
600391,航发科技,2025-12-31,33.5,37.1,37.1,33.5,397946,1416018549.0,10.67,9.99,3.37,12.05
600391,航发科技,2026-01-05,37.1,35.95,37.13,34.6,426155,1513617947.0,6.82,-3.1,-1.15,12.91
600391,航发科技,2026-01-06,35.77,38.86,39.45,35.6,485048,1822187615.0,10.71,8.09,2.91,14.69
600391,航发科技,2026-01-07,37.71,38.68,39.45,36.98,370949,1406321019.0,6.36,-0.46,-0.18,11.24
600391,航发科技,2026-01-08,38.0,41.73,42.22,38.0,400613,1630160675.0,10.91,7.89,3.05,12.14
600391,航发科技,2026-01-09,41.7,44.4,45.9,41.69,470639,2087598019.0,10.09,6.4,2.67,14.26
600391,航发科技,2026-01-12,45.15,45.44,47.1,42.8,389419,1754268664.0,9.68,2.34,1.04,11.8
600391,航发科技,2026-01-13,44.07,40.9,44.07,40.9,183226,754256106.0,6.98,-9.99,-4.54,5.55
600391,航发科技,2026-01-14,39.0,40.32,43.6,38.52,446710,1820039661.0,12.42,-1.42,-0.58,13.53
600391,航发科技,2026-01-15,40.29,39.55,40.65,38.35,307510,1206906872.0,5.7,-1.91,-0.77,9.31
600391,航发科技,2026-01-16,39.56,38.2,39.9,38.1,215342,834157510.0,4.55,-3.41,-1.35,6.52
600391,航发科技,2026-01-19,37.7,42.02,42.02,37.53,262704,1064821517.0,11.75,10.0,3.82,7.96
600391,航发科技,2026-01-20,46.2,46.22,46.22,45.5,161653,746788467.0,1.71,10.0,4.2,4.9
600391,航发科技,2026-01-21,46.0,48.51,50.8,45.11,611681,2967344808.0,12.31,4.95,2.29,18.53
600391,航发科技,2026-01-22,48.49,53.36,53.36,48.49,312776,1598444894.0,10.04,10.0,4.85,9.47
600391,航发科技,2026-01-23,55.25,53.65,55.96,52.68,555441,3014376319.0,6.15,0.54,0.29,16.82
600391,航发科技,2026-01-26,52.04,48.29,52.66,48.29,380800,1896192186.0,8.15,-9.99,-5.36,11.53
600391,航发科技,2026-01-27,48.0,53.12,53.12,47.7,359723,1804832527.0,11.22,10.0,4.83,10.9
600391,航发科技,2026-01-28,54.19,52.68,54.56,51.12,349028,1837594027.0,6.48,-0.83,-0.44,10.57
600391,航发科技,2026-01-29,52.26,53.66,56.18,52.0,401720,2190035482.0,7.93,1.86,0.98,12.17
600391,航发科技,2026-01-30,54.0,51.9,54.66,50.68,257664,1343005345.0,7.42,-3.28,-1.76,7.8
600391,航发科技,2026-02-02,51.94,48.99,53.6,48.99,229761,1155505809.0,8.88,-5.61,-2.91,6.96
600391,航发科技,2026-02-03,50.5,51.47,52.98,49.5,256472,1318358028.0,7.1,5.06,2.48,7.77
600391,航发科技,2026-02-04,51.45,53.01,54.43,50.56,306162,1609762384.0,7.52,2.99,1.54,9.27
600391,航发科技,2026-02-05,51.0,56.22,58.31,51.0,482098,2704975363.0,13.79,6.06,3.21,14.6
600391,航发科技,2026-02-06,55.5,53.29,56.22,52.1,310986,1669227336.0,7.33,-5.21,-2.93,9.42
600391,航发科技,2026-02-09,53.66,52.35,54.5,51.83,258271,1358211453.0,5.01,-1.76,-0.94,7.82
600391,航发科技,2026-02-10,52.0,51.67,53.95,49.85,263149,1369108407.0,7.83,-1.3,-0.68,7.97
600391,航发科技,2026-02-11,51.5,48.4,51.65,48.39,288230,1426148070.0,6.31,-6.33,-3.27,8.73
600391,航发科技,2026-02-12,47.6,49.71,50.36,47.5,227775,1125036129.0,5.91,2.71,1.31,6.9
600391,航发科技,2026-02-13,49.88,51.41,52.8,49.0,273092,1397970258.0,7.64,3.42,1.7,8.27
600391,航发科技,2026-02-24,50.72,51.15,52.34,49.93,174316,894176445.0,4.69,-0.51,-0.26,5.28
600391,航发科技,2026-02-25,51.15,49.83,51.66,49.6,172536,867968411.0,4.03,-2.58,-1.32,5.23
600391,航发科技,2026-02-26,49.8,53.2,54.22,48.9,302120,1560827754.0,10.68,6.76,3.37,9.15
600391,航发科技,2026-02-27,53.02,52.3,55.52,51.6,290693,1551436265.0,7.37,-1.69,-0.9,8.81
600391,航发科技,2026-03-02,53.0,52.1,53.42,50.6,259116,1345487448.0,5.39,-0.38,-0.2,7.85
600391,航发科技,2026-03-03,52.09,46.89,52.09,46.89,237918,1156429906.0,9.98,-10.0,-5.21,7.21
600391,航发科技,2026-03-04,45.6,48.41,48.99,45.55,174488,836796765.0,7.34,3.24,1.52,5.29
600391,航发科技,2026-03-05,48.7,47.5,49.0,46.55,143343,682452006.0,5.06,-1.88,-0.91,4.34
600391,航发科技,2026-03-06,46.98,50.65,52.25,46.98,371003,1891956673.0,11.09,6.63,3.15,11.24
600391,航发科技,2026-03-09,48.85,49.01,49.68,47.3,273219,1320987205.0,4.7,-3.24,-1.64,8.28
600391,航发科技,2026-03-10,49.18,49.22,51.2,49.06,153555,764592544.0,4.37,0.43,0.21,4.65
600391,航发科技,2026-03-11,49.8,46.25,49.92,46.03,263117,1236971038.0,7.9,-6.03,-2.97,7.97
600391,航发科技,2026-03-12,46.0,44.23,46.51,43.66,234568,1046775171.0,6.16,-4.37,-2.02,7.11
600391,航发科技,2026-03-13,44.0,43.5,44.65,43.33,159012,697972450.0,2.98,-1.65,-0.73,4.82
600391,航发科技,2026-03-16,43.49,43.1,43.76,42.16,140237,600754477.0,3.68,-0.92,-0.4,4.25
600391,航发科技,2026-03-17,43.57,41.86,43.6,41.83,103991,442228990.0,4.11,-2.88,-1.24,3.15
600391,航发科技,2026-03-18,42.0,42.38,42.42,41.56,94246,396417068.0,2.05,1.24,0.52,2.85
600391,航发科技,2026-03-19,41.71,40.67,42.03,40.5,100152,411173133.0,3.61,-4.03,-1.71,3.03
600391,航发科技,2026-03-20,40.83,39.51,41.38,39.45,99906,402110648.0,4.75,-2.85,-1.16,3.03
600391,航发科技,2026-03-23,38.84,37.4,39.39,36.99,141928,541587103.0,6.07,-5.34,-2.11,4.3
600391,航发科技,2026-03-24,38.19,38.58,38.68,37.57,141163,539242258.0,2.97,3.16,1.18,4.28
600391,航发科技,2026-03-25,38.99,39.85,39.95,38.92,93139,369094769.0,2.67,3.29,1.27,2.82
600391,航发科技,2026-03-26,40.1,39.5,41.0,39.02,104360,415745999.0,4.97,-0.88,-0.35,3.16
600391,航发科技,2026-03-27,38.88,40.15,41.2,38.7,131314,526297442.0,6.33,1.65,0.65,3.98
